#t PX PY PZ X Y Z t_ave beta k_tl a_tr a0_tr kd_prot kd_mRNA alpha alpha0 Reaction1 Reaction2 Reaction3 Reaction4 Reaction5 Reaction6 Reaction7 Reaction8 Reaction9 Reaction10 Reaction11 Reaction12 cell eff n KM tau_mRNA tau_prot ps_a ps_0 
##CONCENTRATIONS
0 0.000000 0.000000 0.000000 0.000000 20.00000000000 0.000000 2.8853900818 0.2000000000 6.9314718056 29.97000000000 0.0300000000 0.0693147181 0.3465735903 216.187851877211 0.2164042561 0.000000 6.9314718056 0.000000 0.000000 138.629436111989 0.000000 0.000000 0.000000 0.000000 30.00000000000 30.00000000000 30.00000000000 1.0000000000 20.00000000000 2.0000000000 40.00000000000 2.0000000000 10.00000000000 0.5000000000 0.0005000000 
1 81.44021355212 188.376813748660 42.63779261657 19.90367073257 30.61418418107 7.4894906316 2.8853900818 0.2000000000 6.9314718056 29.97000000000 0.0300000000 0.0693147181 0.3465735903 216.187851877211 0.2164042561 6.8980866255 10.61006772512 2.5956596576 137.961732510728 212.201354502499 51.91319315145 5.6450054408 13.05728573327 2.9554265737 14.05933338730 5.8547131696 1.3230007987 1.0000000000 20.00000000000 2.0000000000 40.00000000000 2.0000000000 10.00000000000 0.5000000000 0.0005000000 
2 218.550916714032 358.026581443914 84.57552212887 21.23640715601 23.60952088855 5.8643757598 2.8853900818 0.2000000000 6.9314718056 29.97000000000 0.0300000000 0.0693147181 0.3465735903 216.187851877211 0.2164042561 7.3599778727 8.1824364191 2.0324377618 147.199557454141 163.648728382710 40.64875523632 15.14879517291 24.81651154934 5.8623284708 5.5083384236 1.0013862572 0.3994781890 1.0000000000 20.00000000000 2.0000000000 40.00000000000 2.0000000000 10.00000000000 0.5000000000 0.0005000000 
3 337.655833119794 469.629013109373 113.029981825751 18.54695308270 17.23450741801 4.4018614692 2.8853900818 0.2000000000 6.9314718056 29.97000000000 0.0300000000 0.0693147181 0.3465735903 216.187851877211 0.2164042561 6.4278841186 5.9730251126 1.5255689333 128.557682372496 119.460502251335 30.51137866594 23.40451887266 32.55220263459 7.8346413221 3.3656110557 0.4447685646 0.2458527826 1.0000000000 20.00000000000 2.0000000000 40.00000000000 2.0000000000 10.00000000000 0.5000000000 0.0005000000 
4 428.996342469817 536.667990691132 131.000848181170 15.56046308459 12.47914247779 3.2933268246 2.8853900818 0.2000000000 6.9314718056 29.97000000000 0.0300000000 0.0693147181 0.3465735903 216.187851877211 0.2164042561 5.3928455576 4.3249412121 1.1413801016 107.856911152886 86.49882424285 22.82760203138 29.73576052535 37.19899046443 9.0802868568 2.5859102401 0.2883093746 0.1955729454 1.0000000000 20.00000000000 2.0000000000 40.00000000000 2.0000000000 10.00000000000 0.5000000000 0.0005000000 
5 495.558479724325 572.005158736084 141.395850560334 13.01928041989 9.0355532889 2.4839389257 2.8853900818 0.2000000000 6.9314718056 29.97000000000 0.0300000000 0.0693147181 0.3465735903 216.187851877211 0.2164042561 4.5121387580 3.1314841435 0.8608676315 90.24277515966 62.62968286966 17.21735263007 34.34949630235 39.64837630437 9.8008135159 2.2507416294 0.2239976854 0.1758438953 1.0000000000 20.00000000000 2.0000000000 40.00000000000 2.0000000000 10.00000000000 0.5000000000 0.0005000000 
6 542.543335945355 585.376780924535 146.479521177218 11.03385434111 6.5610770882 1.9006999006 2.8853900818 0.2000000000 6.9314718056 29.97000000000 0.0300000000 0.0693147181 0.3465735903 216.187851877211 0.2164042561 3.8240425136 2.2738960426 0.6587323886 76.48085027247 45.47792085154 13.17464777218 37.60623836421 40.57522652631 10.15318671138 2.1097831278 0.1920255785 0.1692876537 1.0000000000 20.00000000000 2.0000000000 40.00000000000 2.0000000000 10.00000000000 0.5000000000 0.0005000000 
7 574.853326538836 583.791928302182 147.916800872996 9.5632395461 4.7934577421 1.4871704371 2.8853900818 0.2000000000 6.9314718056 29.97000000000 0.0300000000 0.0693147181 0.3465735903 216.187851877211 0.2164042561 3.3143662642 1.6612858595 0.5154139977 66.28732528408 33.22571719059 10.30827995493 39.84579625259 40.46537291363 10.25281134826 2.0723026519 0.1744092258 0.1700414056 1.0000000000 20.00000000000 2.0000000000 40.00000000000 2.0000000000 10.00000000000 0.5000000000 0.0005000000 
8 596.656742613785 572.287556956950 146.930443382412 8.5212059448 3.5317216781 1.1974403835 2.8853900818 0.2000000000 6.9314718056 29.97000000000 0.0300000000 0.0693147181 0.3465735903 216.187851877211 0.2164042561 2.9532249378 1.2240014619 0.4150012129 59.06449875589 24.48002923710 8.3000242572 41.35709389048 39.66795065742 10.18444225689 2.0979166771 0.1640942340 0.1757006956 1.0000000000 20.00000000000 2.0000000000 40.00000000000 2.0000000000 10.00000000000 0.5000000000 0.0005000000 
9 611.237779481695 554.399304080419 144.394713338070 7.8264166193 2.6330429536 0.9992438933 2.8853900818 0.2000000000 6.9314718056 29.97000000000 0.0300000000 0.0693147181 0.3465735903 216.187851877211 0.2164042561 2.7124293068 0.9125431498 0.3463115437 54.24858613554 18.25086299607 6.9262308732 42.36777434995 38.42803145277 10.00867884380 2.1659624139 0.1577998789 0.1852052664 1.0000000000 20.00000000000 2.0000000000 40.00000000000 2.0000000000 10.00000000000 0.5000000000 0.0005000000 
10 621.159974948293 532.617945076888 140.942006700999 7.4064680092 1.9931846402 0.8685662734 2.8853900818 0.2000000000 6.9314718056 29.97000000000 0.0300000000 0.0693147181 0.3465735903 216.187851877211 0.2164042561 2.5668862092 0.6907851569 0.3010221318 51.33772418454 13.81570313703 6.0204426354 43.05552853121 36.91826269457 9.7693554567 2.2639987686 0.1537663518 0.1980863880 1.0000000000 20.00000000000 2.0000000000 40.00000000000 2.0000000000 10.00000000000 0.5000000000 0.0005000000 
11 628.366468860784 508.669358122480 137.024453996304 7.2022121014 1.5378215974 0.7884581907 2.8853900818 0.2000000000 6.9314718056 29.97000000000 0.0300000000 0.0693147181 0.3465735903 216.187851877211 0.2164042561 2.4960965059 0.5329683522 0.2732587859 49.92193011876 10.65936704444 5.4651757189 43.55504462493 35.25827314198 9.4978113955 2.3833914252 0.1509551647 0.2141867106 1.0000000000 20.00000000000 2.0000000000 40.00000000000 2.0000000000 10.00000000000 0.5000000000 0.0005000000 
12 634.313011434897 483.744239072249 132.968773613071 7.1658558404 1.2138867276 0.7469340099 2.8853900818 0.2000000000 6.9314718056 29.97000000000 0.0300000000 0.0693147181 0.3465735903 216.187851877211 0.2164042561 2.4834963860 0.4207010814 0.2588676015 49.66992772066 8.4140216277 5.1773520301 43.96722754686 33.53059554250 9.2166930532 2.5170473085 0.1487068803 0.2335240761 1.0000000000 20.00000000000 2.0000000000 40.00000000000 2.0000000000 10.00000000000 0.5000000000 0.0005000000 
13 640.070022183953 458.652752821745 129.012286642613 7.2571566286 0.9831354179 0.7354373451 2.8853900818 0.2000000000 6.9314718056 29.97000000000 0.0300000000 0.0693147181 0.3465735903 216.187851877211 0.2164042561 2.5151388280 0.3407287715 0.2548831611 50.30277655979 6.8145754305 5.0976632224 44.36627312377 31.79138624745 8.9424502744 2.6583464649 0.1465893719 0.2562288587 1.0000000000 20.00000000000 2.0000000000 40.00000000000 2.0000000000 10.00000000000 0.5000000000 0.0005000000 
14 646.387851377649 433.932069127296 125.328225450688 7.4419496758 0.8180890850 0.7480601595 2.8853900818 0.2000000000 6.9314718056 29.97000000000 0.0300000000 0.0693147181 0.3465735903 216.187851877211 0.2164042561 2.5791832178 0.2835280713 0.2592578952 51.58366435660 5.6705614269 5.1851579044 44.80419167306 30.07787902701 8.6870906116 2.8006445572 0.1443300603 0.2825157835 1.0000000000 20.00000000000 2.0000000000 40.00000000000 2.0000000000 10.00000000000 0.5000000000 0.0005000000 
15 653.751569231346 409.926636796180 122.045420003883 7.6907608264 0.6993472439 0.7809168431 2.8853900818 0.2000000000 6.9314718056 29.97000000000 0.0300000000 0.0693147181 0.3465735903 216.187851877211 0.2164042561 2.6654145916 0.2423752852 0.2706451540 53.30829183163 4.8475057035 5.4129030804 45.31460569993 28.41394925317 8.4595438776 2.9370478464 0.1417785390 0.3126694358 1.0000000000 20.00000000000 2.0000000000 40.00000000000 2.0000000000 10.00000000000 0.5000000000 0.0005000000 
16 662.426836183964 386.848097290518 119.263078943235 7.9767734447 0.6131570621 0.8315149012 2.8853900818 0.2000000000 6.9314718056 29.97000000000 0.0300000000 0.0693147181 0.3465735903 216.187851877211 0.2164042561 2.7645390116 0.2125040444 0.2881811047 55.29078023167 4.2500808883 5.7636220935 45.91592938282 26.81426679419 8.2666866914 3.0603945695 0.1388805313 0.3470349764 1.0000000000 20.00000000000 2.0000000000 40.00000000000 2.0000000000 10.00000000000 0.5000000000 0.0005000000 
17 672.489925765097 364.818210398320 117.061323730311 8.2746814275 0.5496445826 0.8983717656 2.8853900818 0.2000000000 6.9314718056 29.97000000000 0.0300000000 0.0693147181 0.3465735903 216.187851877211 0.2164042561 2.8677860507 0.1904922964 0.3113519282 57.35572101483 3.8098459272 6.2270385645 46.61344959990 25.28727139545 8.1140726496 3.1634308495 0.1356577532 0.3860113720 1.0000000000 20.00000000000 2.0000000000 40.00000000000 2.0000000000 10.00000000000 0.5000000000 0.0005000000 
18 683.848273536931 343.896151780052 115.508046228044 8.5606648480 0.5018680451 0.9807979740 2.8853900818 0.2000000000 6.9314718056 29.97000000000 0.0300000000 0.0693147181 0.3465735903 216.187851877211 0.2164042561 2.9669003516 0.1739342102 0.3399186752 59.33800703107 3.4786842047 6.7983735039 47.40075027329 23.83706480118 8.0064076575 3.2391855857 0.1321889339 0.4300515141 1.0000000000 20.00000000000 2.0000000000 40.00000000000 2.0000000000 10.00000000000 0.5000000000 0.0005000000 
19 696.259070225362 324.096581604940 114.663689940048 8.8124504436 0.4650789606 1.0787351841 2.8853900818 0.2000000000 6.9314718056 29.97000000000 0.0300000000 0.0693147181 0.3465735903 216.187851877211 0.2164042561 3.0541625894 0.1611840852 0.3738611257 61.08325178799 3.2236817030 7.4772225141 48.26100114660 22.46466317686 7.9478813395 3.2814764397 0.1285902505 0.4796683434 1.0000000000 20.00000000000 2.0000000000 40.00000000000 2.0000000000 10.00000000000 0.5000000000 0.0005000000 
20 709.350321426949 305.404748611128 114.585558914419 9.0093191057 0.4359567007 1.1926218202 2.8853900818 0.2000000000 6.9314718056 29.97000000000 0.0300000000 0.0693147181 0.3465735903 216.187851877211 0.2164042561 3.1223920684 0.1510910790 0.4133312261 62.44784136871 3.0218215796 8.2666245214 49.16841753264 21.16904404294 7.9424657094 3.2854302308 0.1249962390 0.5354385850 1.0000000000 20.00000000000 2.0000000000 40.00000000000 2.0000000000 10.00000000000 0.5000000000 0.0005000000 
21 722.645814133428 287.789026506835 115.331482855094 9.1333895538 0.4123329957 1.3232768107 2.8853900818 0.2000000000 6.9314718056 29.97000000000 0.0300000000 0.0693147181 0.3465735903 216.187851877211 0.2164042561 3.1653916091 0.1429037267 0.4586127952 63.30783218162 2.8580745345 9.1722559041 50.08999086100 19.94801523193 7.9941692171 3.2479632706 0.1215434255 0.5980000769 1.0000000000 20.00000000000 2.0000000000 40.00000000000 2.0000000000 10.00000000000 0.5000000000 0.0005000000 
22 735.593937718093 271.209104966681 116.962276215713 9.1704899630 0.3928111494 1.4718282722 2.8853900818 0.2000000000 6.9314718056 29.97000000000 0.0300000000 0.0693147181 0.3465735903 216.187851877211 0.2164042561 3.1782496311 0.1361379704 0.5100968086 63.56499262211 2.7227594071 10.20193617160 50.98748639663 18.79878264498 8.1072071991 3.1681841476 0.1183584627 0.6680466565 1.0000000000 20.00000000000 2.0000000000 40.00000000000 2.0000000000 10.00000000000 0.5000000000 0.0005000000 
23 747.599898511697 255.620195076304 119.543274702666 9.1109017723 0.3764867296 1.6396836643 2.8853900818 0.2000000000 6.9314718056 29.97000000000 0.0300000000 0.0693147181 0.3465735903 216.187851877211 0.2164042561 3.1575979379 0.1304803576 0.5682710544 63.15195875802 2.6096071513 11.36542108889 51.81967618403 17.71824175113 8.2861083815 3.0476341055 0.1155513295 0.7463249718 1.0000000000 20.00000000000 2.0000000000 40.00000000000 2.0000000000 10.00000000000 0.5000000000 0.0005000000 
24 758.060748030210 240.975352529373 123.145609019029 8.9500561601 0.3627802338 1.8285032461 2.8853900818 0.2000000000 6.9314718056 29.97000000000 0.0300000000 0.0693147181 0.3465735903 216.187851877211 0.2164042561 3.1018530966 0.1257300481 0.6337109348 62.03706193210 2.5146009623 12.67421869699 52.54476701903 16.70313861902 8.5358031690 2.8902716805 0.1132130023 0.8336317542 1.0000000000 20.00000000000 2.0000000000 40.00000000000 2.0000000000 10.00000000000 0.5000000000 0.0005000000 
25 766.402213215385 227.227427485365 127.847419111905 8.6890411081 0.3513482551 2.0401579030 2.8853900818 0.2000000000 6.9314718056 29.97000000000 0.0300000000 0.0693147181 0.3465735903 216.187851877211 0.2164042561 3.0113921729 0.1217680262 0.7070648492 60.22784345875 2.4353605241 14.14129698360 53.12295332651 15.75020507074 8.8617078099 2.7021705216 0.1114163853 0.9308064009 1.0000000000 20.00000000000 2.0000000000 40.00000000000 2.0000000000 10.00000000000 0.5000000000 0.0005000000 
26 772.114900033925 214.330742212515 133.734777941860 8.3345749660 0.3420174712 2.2766850228 2.8853900818 0.2000000000 6.9314718056 29.97000000000 0.0300000000 0.0693147181 0.3465735903 216.187851877211 0.2164042561 2.8885435694 0.1185342229 0.7890389023 57.77087138834 2.3706844583 15.78077804595 53.51892660268 14.85627496719 9.2697884273 2.4909711349 0.1102192957 1.0387158872 1.0000000000 20.00000000000 2.0000000000 40.00000000000 2.0000000000 10.00000000000 0.5000000000 0.0005000000 
27 774.785921325380 202.242074427905 140.902175610486 7.8983277003 0.3347183711 2.5402550926 2.8853900818 0.2000000000 6.9314718056 29.97000000000 0.0300000000 0.0693147181 0.3465735903 216.187851877211 0.2164042561 2.7373517883 0.1160045476 0.8803853277 54.74703576592 2.3200909523 17.60770655346 53.70406769042 14.01835236803 9.7665945759 2.2651677770 0.1096686158 1.1582330646 1.0000000000 20.00000000000 2.0000000000 40.00000000000 2.0000000000 10.00000000000 0.5000000000 0.0005000000 
28 774.122119360995 190.920908255832 149.452659320697 7.3957792360 0.3294294356 2.8331371097 2.8853900818 0.2000000000 6.9314718056 29.97000000000 0.0300000000 0.0693147181 0.3465735903 216.187851877211 0.2164042561 2.5631817627 0.1141715422 0.9818904999 51.26363525495 2.2834308447 19.63780999729 53.65805644442 13.23362892675 10.35926894353 2.0333340959 0.1098049405 1.2902102599 1.0000000000 20.00000000000 2.0000000000 40.00000000000 2.0000000000 10.00000000000 0.5000000000 0.0005000000 
29 769.962875205684 180.329338280688 159.497708782423 6.8448491120 0.3261504471 3.1576428242 2.8853900818 0.2000000000 6.9314718056 29.97000000000 0.0300000000 0.0693147181 0.3465735903 216.187851877211 0.2164042561 2.3722439317 0.1130351314 1.0943556104 47.44487863330 2.2607026285 21.88711220802 53.36975960846 12.49947724015 11.05553871483 1.8034043202 0.1106671351 1.4354475059 1.0000000000 20.00000000000 2.0000000000 40.00000000000 2.0000000000 10.00000000000 0.5000000000 0.0005000000 
30 762.282349193126 170.432007633911 171.156732785665 6.2644240563 0.3249058375 3.5160459453 2.8853900818 0.2000000000 6.9314718056 29.97000000000 0.0300000000 0.0693147181 0.3465735903 216.187851877211 0.2164042561 2.1710839362 0.1126037826 1.2185686669 43.42167872434 2.2520756520 24.37137333731 52.83738611338 11.81344655686 11.86368067642 1.5821145384 0.1122963934 1.5946520601 1.0000000000 20.00000000000 2.0000000000 40.00000000000 2.0000000000 10.00000000000 0.5000000000 0.0005000000 
31 751.181897604561 161.196188485377 184.555998366795 5.6729007406 0.3257561922 3.9104852854 2.8853900818 0.2000000000 6.9314718056 29.97000000000 0.0300000000 0.0693147181 0.3465735903 216.187851877211 0.2164042561 1.9660775770 0.1128984931 1.3552709251 39.32155153951 2.2579698619 27.10541850183 52.06796144123 11.17326835656 12.79244699234 1.3746653833 0.1147396759 1.7683857629 1.0000000000 20.00000000000 2.0000000000 40.00000000000 2.0000000000 10.00000000000 0.5000000000 0.0005000000 
32 736.870979094785 152.591841832265 199.826547814922 5.0870646564 0.3287874030 4.3428466404 2.8853900818 0.2000000000 6.9314718056 29.97000000000 0.0300000000 0.0693147181 0.3465735903 216.187851877211 0.2164042561 1.7630422620 0.1139490307 1.5051159522 35.26084523929 2.2789806139 30.10231904399 51.07600415960 10.57686049425 13.85092082189 1.1846171541 0.1180533662 1.9570004556 1.0000000000 20.00000000000 2.0000000000 40.00000000000 2.0000000000 10.00000000000 0.5000000000 0.0005000000 
33 719.651991454726 144.591645107908 217.102419272918 4.5209030600 0.3341064508 4.8146488926 2.8853900818 0.2000000000 6.9314718056 29.97000000000 0.0300000000 0.0693147181 0.3465735903 216.187851877211 0.2164042561 1.5668256048 0.1157924722 1.6686301526 31.33651209602 2.3158494440 33.37260305293 49.88247488612 10.02232911391 15.04839298118 1.0139646016 0.1223043183 2.1605614153 1.0000000000 20.00000000000 2.0000000000 40.00000000000 2.0000000000 10.00000000000 0.5000000000 0.0005000000 
34 699.882999383134 137.170990159700 236.515574847265 3.9859854089 0.3418703035 5.3268195589 2.8853900818 0.2000000000 6.9314718056 29.97000000000 0.0300000000 0.0693147181 0.3465735903 216.187851877211 0.2164042561 1.3814372740 0.1184832185 1.8461349793 27.62874547930 2.3696643700 36.92269958570 48.51219277443 9.5079685084 16.39401038639 0.8633736368 0.1275752270 2.3787598246 1.0000000000 20.00000000000 2.0000000000 40.00000000000 2.0000000000 10.00000000000 0.5000000000 0.0005000000 
35 677.986685071698 130.308225480614 258.196885183896 3.4890642246 0.3523051916 5.8796562164 2.8853900818 0.2000000000 6.9314718056 29.97000000000 0.0300000000 0.0693147181 0.3465735903 216.187851877211 0.2164042561 1.2092175150 0.1220996751 2.0377335645 24.18435030087 2.4419935023 40.75467129074 46.99445592146 9.0322779096 17.89684429946 0.7324325262 0.1339573819 2.6108071610 1.0000000000 20.00000000000 2.0000000000 40.00000000000 2.0000000000 10.00000000000 0.5000000000 0.0005000000 
36 654.382101812161 123.984571765607 282.265031868195 3.0350040589 0.3656299650 6.4723995061 2.8853900818 0.2000000000 6.9314718056 29.97000000000 0.0300000000 0.0693147181 0.3465735903 216.187851877211 0.2164042561 1.0518522532 0.1267176897 2.2431627345 21.03704506399 2.5343537933 44.86325469093 45.35831088800 8.5939556352 19.56512110101 0.6200074631 0.1415640349 2.8553304437 1.0000000000 20.00000000000 2.0000000000 40.00000000000 2.0000000000 10.00000000000 0.5000000000 0.0005000000 
37 629.480958149227 118.184123633077 308.821663391180 2.6261004790 0.3820952306 7.1030470611 2.8853900818 0.2000000000 6.9314718056 29.97000000000 0.0300000000 0.0693147181 0.3465735903 216.187851877211 0.2164042561 0.9101370714 0.1324241159 2.4617285219 18.20274142856 2.6484823180 49.23457043759 43.63229513573 8.1918992083 21.40588652754 0.5244992742 0.1505289651 3.1102659258 1.0000000000 20.00000000000 2.0000000000 40.00000000000 2.0000000000 10.00000000000 0.5000000000 0.0005000000 
38 603.664720365754 112.893825223639 337.942116681770 2.2630759341 0.4019799368 7.7680499139 2.8853900818 0.2000000000 6.9314718056 29.97000000000 0.0300000000 0.0693147181 0.3465735903 216.187851877211 0.2164042561 0.7843223516 0.1393156299 2.6922009481 15.68644703124 2.7863125985 53.84401896250 41.84284989250 7.8252036656 23.42436253704 0.4440758351 0.1610124220 3.3727638391 1.0000000000 20.00000000000 2.0000000000 40.00000000000 2.0000000000 10.00000000000 0.5000000000 0.0005000000 
39 577.294099983313 108.103577676211 369.667543475479 1.9445888116 0.4256405010 8.4621250211 2.8853900818 0.2000000000 6.9314718056 29.97000000000 0.0300000000 0.0693147181 0.3465735903 216.187851877211 0.2164042561 0.6739431261 0.1475157566 2.9327490499 13.47886252124 2.9503151322 58.65498099888 40.01497777573 7.4931690075 25.62340155045 0.3768396419 0.1731965179 3.6391085266 1.0000000000 20.00000000000 2.0000000000 40.00000000000 2.0000000000 10.00000000000 0.5000000000 0.0005000000 
40 550.696625847865 103.806532747302 403.994726172344 1.6678854736 0.4534986219 9.1780049509 2.8853900818 0.2000000000 6.9314718056 29.97000000000 0.0300000000 0.0693147181 0.3465735903 216.187851877211 0.2164042561 0.5780450568 0.1571706456 3.1808541274 11.56090113514 3.1434129113 63.61708254853 38.17138135503 7.1953205497 28.00278054074 0.3209501493 0.1872883769 3.9046597848 1.0000000000 20.00000000000 2.0000000000 40.00000000000 2.0000000000 10.00000000000 0.5000000000 0.0005000000 
41 524.158311165130 99.99935789642 440.864762177199 1.4294393708 0.4860430287 9.9062153787 2.8853900818 0.2000000000 6.9314718056 29.97000000000 0.0300000000 0.0693147181 0.3465735903 216.187851877211 0.2164042561 0.4954059348 0.1684496775 3.4332326299 9.9081186963 3.3689935499 68.66465259742 36.33188555512 6.9314272984 30.55841669114 0.2747008297 0.2035241521 4.1638388680 1.0000000000 20.00000000000 2.0000000000 40.00000000000 2.0000000000 10.00000000000 0.5000000000 0.0005000000 
42 497.921413711348 96.68248728968 480.151625665493 1.2253506725 0.5238374558 10.63494362112 2.8853900818 0.2000000000 6.9314718056 29.97000000000 0.0300000000 0.0693147181 0.3465735903 216.187851877211 0.2164042561 0.4246741819 0.1815482278 3.6857905932 8.4934836385 3.6309645553 73.71581186397 34.51328240544 6.7015193474 33.28157455713 0.2365600355 0.2221725635 4.4101767831 1.0000000000 20.00000000000 2.0000000000 40.00000000000 2.0000000000 10.00000000000 0.5000000000 0.0005000000 
43 472.181834058779 93.86039793187 521.650337075207 1.0518321550 0.5675209888 11.34999039768 2.8853900818 0.2000000000 6.9314718056 29.97000000000 0.0300000000 0.0693147181 0.3465735903 216.187851877211 0.2164042561 0.3645372463 0.1966877866 3.9336069218 7.2907449266 3.9337557329 78.67213843538 32.72915069895 6.5059070193 36.15804603818 0.2051869143 0.2435416884 4.6364399302 1.0000000000 20.00000000000 2.0000000000 40.00000000000 2.0000000000 10.00000000000 0.5000000000 0.0005000000 
44 447.096481443952 91.54182838113 565.066693340452 0.9052070678 0.6178217011 12.03494435871 2.8853900818 0.2000000000 6.9314718056 29.97000000000 0.0300000000 0.0693147181 0.3465735903 216.187851877211 0.2164042561 0.3137208634 0.2141206851 4.1709938752 6.2744172689 4.2824137022 83.41987750433 30.99036655511 6.3451960246 39.16743853173 0.1794295576 0.2679807799 4.8348547101 1.0000000000 20.00000000000 2.0000000000 40.00000000000 2.0000000000 10.00000000000 0.5000000000 0.0005000000 
45 422.788788208291 89.74010649829 610.009744211459 0.7819297527 0.6755633919 12.67151593363 2.8853900818 0.2000000000 6.9314718056 29.97000000000 0.0300000000 0.0693147181 0.3465735903 216.187851877211 0.2164042561 0.2709962017 0.2341324302 4.3916127714 5.4199240346 4.6826486039 87.83225542816 29.30548565189 6.2203101802 42.28265343143 0.1583127498 0.2958824754 4.9974273042 1.0000000000 20.00000000000 2.0000000000 40.00000000000 2.0000000000 10.00000000000 0.5000000000 0.0005000000 
46 399.351805700074 88.47354286937 655.987536706750 0.6787078448 0.7416790982 13.24008168613 2.8853900818 0.2000000000 6.9314718056 29.97000000000 0.0300000000 0.0693147181 0.3465735903 216.187851877211 0.2164042561 0.2352222145 0.2570463879 4.5886626456 4.7044442901 5.1409277577 91.77325291123 27.68095781725 6.1325186794 45.46959115507 0.1410206498 0.3276871424 5.1163596082 1.0000000000 20.00000000000 2.0000000000 40.00000000000 2.0000000000 10.00000000000 0.5000000000 0.0005000000 
47 376.852245657866 87.76587707208 702.407148168774 0.5925503087 0.8172267266 13.72043716967 2.8853900818 0.2000000000 6.9314718056 29.97000000000 0.0300000000 0.0693147181 0.3465735903 216.187851877211 0.2164042561 0.2053622879 0.2832292007 4.7551411701 4.1072457581 5.6645840144 95.10282340205 26.12140715654 6.0834670242 48.68715343583 0.1268774632 0.3638866196 5.1845498676 1.0000000000 20.00000000000 2.0000000000 40.00000000000 2.0000000000 10.00000000000 0.5000000000 0.0005000000 
48 355.333344897631 87.64680095453 748.580195236486 0.5208323421 0.9034025770 14.09278037654 2.8853900818 0.2000000000 6.9314718056 29.97000000000 0.0300000000 0.0693147181 0.3465735903 216.187851877211 0.2164042561 0.1805067347 0.3130954746 4.8841854921 3.6101346945 6.2619094919 97.68370984250 24.62983061747 6.0752132967 51.88762517512 0.1153280478 0.4050299562 5.1961492968 1.0000000000 20.00000000000 2.0000000000 40.00000000000 2.0000000000 10.00000000000 0.5000000000 0.0005000000 
49 334.818040592243 88.15253728311 793.737124151926 0.4613176798 1.0015499389 14.33896291332 2.8853900818 0.2000000000 6.9314718056 29.97000000000 0.0300000000 0.0693147181 0.3465735903 216.187851877211 0.2164042561 0.1598805246 0.3471107582 4.9695058578 3.1976104911 6.9422151634 99.39011715523 23.20781808371 6.1102682677 55.01766497117 0.1059192309 0.4517298511 5.1471343613 1.0000000000 20.00000000000 2.0000000000 40.00000000000 2.0000000000 10.00000000000 0.5000000000 0.0005000000 
50 315.313793194856 89.32638194737 837.047539153844 0.4120868553 1.1131607238 14.44377618148 2.8853900818 0.2000000000 6.9314718056 29.97000000000 0.0300000000 0.0693147181 0.3465735903 216.187851877211 0.2164042561 0.1428184209 0.3857921086 5.0058313684 2.8563684189 7.7158421722 100.116627368290 21.85588667447 6.1916329796 58.01971417591 0.0982835127 0.5046651806 5.0358446871 1.0000000000 20.00000000000 2.0000000000 40.00000000000 2.0000000000 10.00000000000 0.5000000000 0.0005000000 
51 296.815793863849 91.21926610298 877.648716558569 0.3715037700 1.2398869259 14.39628179375 2.8853900818 0.2000000000 6.9314718056 29.97000000000 0.0300000000 0.0693147181 0.3465735903 216.187851877211 0.2164042561 0.1287533954 0.4297120634 4.9893710679 2.5750679072 8.5942412687 99.78742135886 20.57370306624 6.3228377112 60.83397334046 0.0921246708 0.5645842314 4.8634058945 1.0000000000 20.00000000000 2.0000000000 40.00000000000 2.0000000000 10.00000000000 0.5000000000 0.0005000000 
52 279.309760239868 93.89036749844 914.679707917786 0.3381824629 1.3835563000 14.19101226164 2.8853900818 0.2000000000 6.9314718056 29.97000000000 0.0300000000 0.0693147181 0.3465735903 216.187851877211 0.2164042561 0.1172051103 0.4795040742 4.9182300692 2.3441022064 9.5900814848 98.36460138450 19.36027728131 6.5079843513 63.40076606586 0.0872056440 0.6323065646 4.6339513503 1.0000000000 20.00000000000 2.0000000000 40.00000000000 2.0000000000 10.00000000000 0.5000000000 0.0005000000 
53 262.774224726939 97.40776065387 947.321552677967 0.3109529617 1.5461882461 13.82896885507 2.8853900818 0.2000000000 6.9314718056 29.97000000000 0.0300000000 0.0693147181 0.3465735903 216.187851877211 0.2164042561 0.1077680843 0.5358680117 4.7927553860 2.1553616868 10.71736023399 95.85510771941 18.21412129933 6.7517914662 65.66332633224 0.0833381905 0.7087232981 4.3545693027 1.0000000000 20.00000000000 2.0000000000 40.00000000000 2.0000000000 10.00000000000 0.5000000000 0.0005000000 
54 247.181731333242 101.849163458944 974.841074244106 0.2888583375 1.7300077906 13.31805102389 2.8853900818 0.2000000000 6.9314718056 29.97000000000 0.0300000000 0.0693147181 0.3465735903 216.187851877211 0.2164042561 0.1001106711 0.5995750112 4.6156847589 2.0022134219 11.99150022388 92.31369517764 17.13333201596 7.0596460494 67.57083421063 0.0803742392 0.7947992250 4.0349269497 1.0000000000 20.00000000000 2.0000000000 40.00000000000 2.0000000000 10.00000000000 0.5000000000 0.0005000000 
55 232.500723918096 107.302663861989 996.630102155266 0.2711188672 1.9374383158 12.67291482085 2.8853900818 0.2000000000 6.9314718056 29.97000000000 0.0300000000 0.0693147181 0.3465735903 216.187851877211 0.2164042561 0.0939626392 0.6714649530 4.3920975888 1.8792527841 13.42929906098 87.84195177547 16.11572212620 7.4376538923 69.08113453701 0.0781991866 0.8915691854 3.6865888218 1.0000000000 20.00000000000 2.0000000000 40.00000000000 2.0000000000 10.00000000000 0.5000000000 0.0005000000 
56 218.696993408511 113.867331011318 1012.2398849845008 0.2570994917 2.1710921317 11.91418426349 2.8853900818 0.2000000000 6.9314718056 29.97000000000 0.0300000000 0.0693147181 0.3465735903 216.187851877211 0.2164042561 0.0891038939 0.7524431949 4.1291416155 1.7820778779 15.04886389841 82.58283230909 15.15892043780 7.8926819448 70.16312223273 0.0767263863 1.0001310244 3.3221021722 1.0000000000 20.00000000000 2.0000000000 40.00000000000 2.0000000000 10.00000000000 0.5000000000 0.0005000000 
57 205.734798879267 121.653731249794 1021.4066865571963 0.2462849300 2.4337618341 11.06715548229 2.8853900818 0.2000000000 6.9314718056 29.97000000000 0.0300000000 0.0693147181 0.3465735903 216.187851877211 0.2164042561 0.0853558524 0.8434775767 3.8355838097 1.7071170481 16.86955153457 76.71167619365 14.26044957862 8.4323940820 70.79851649922 0.0758927194 1.1216340786 2.9539683483 1.0000000000 20.00000000000 2.0000000000 40.00000000000 2.0000000000 10.00000000000 0.5000000000 0.0005000000 
58 193.577835295220 130.784320972446 1024.0664039995402 0.2382539680 2.7284041080 10.15994712334 2.8853900818 0.2000000000 6.9314718056 29.97000000000 0.0300000000 0.0693147181 0.3465735903 216.187851877211 0.2164042561 0.0825725331 0.9455928074 3.5211693516 1.6514506619 18.91185614863 70.42338703182 13.41779307538 9.0652783343 70.98287406384 0.0756550054 1.2572608442 2.5936558588 1.0000000000 20.00000000000 2.0000000000 40.00000000000 2.0000000000 10.00000000000 0.5000000000 0.0005000000 
59 182.189698308652 141.393626326090 1020.3497702927035 0.2326705588 3.0581209043 9.2212651692 2.8853900818 0.2000000000 6.9314718056 29.97000000000 0.0300000000 0.0693147181 0.3465735903 216.187851877211 0.2164042561 0.0806374709 1.0598639413 3.1958469766 1.6127494182 21.19727882650 63.91693953250 12.62842757097 9.8006593437 70.72525664634 0.0759876974 1.4082048470 2.2508063207 1.0000000000 20.00000000000 2.0000000000 40.00000000000 2.0000000000 10.00000000000 0.5000000000 0.0005000000 
60 171.534394879950 153.628291567553 1010.5676632847550 0.2292759874 3.4261153795 8.2785250768 2.8853900818 0.2000000000 6.9314718056 29.97000000000 0.0300000000 0.0693147181 0.3465735903 216.187851877211 0.2164042561 0.0794610021 1.1874011078 2.8691181581 1.5892200422 23.74802215576 57.38236316188 11.88985821801 10.64870171543 70.04721265709 0.0768809117 1.5756396609 1.9327324104 1.0000000000 20.00000000000 2.0000000000 40.00000000000 2.0000000000 10.00000000000 0.5000000000 0.0005000000 
61 161.576819843286 167.646717883091 995.184269203709 0.2278811328 3.8356212860 7.3561940492 2.8853900818 0.2000000000 6.9314718056 29.97000000000 0.0300000000 0.0693147181 0.3465735903 216.187851877211 0.2164042561 0.0789775824 1.3293250400 2.5494625824 1.5795516473 26.58650080077 50.98925164887 11.19965171182 11.62038498308 68.98091703362 0.0783391127 1.7606774853 1.6442507577 1.0000000000 20.00000000000 2.0000000000 40.00000000000 2.0000000000 10.00000000000 0.5000000000 0.0005000000 
62 152.283150819504 183.618233151645 974.783818568635 0.2283622796 4.2898165231 6.4745563544 2.8853900818 0.2000000000 6.9314718056 29.97000000000 0.0300000000 0.0693147181 0.3465735903 216.187851877211 0.2164042561 0.0791443351 1.4867371141 2.2439102412 1.5828867028 29.73474228128 44.87820482441 10.55546366373 12.72744606085 67.56686554963 0.0803801471 1.9643160279 1.3878114085 1.0000000000 20.00000000000 2.0000000000 40.00000000000 2.0000000000 10.00000000000 0.5000000000 0.0005000000 
63 143.621191744248 201.721703219954 950.030578340385 0.2306490498 4.7917108601 5.6489852290 2.8853900818 0.2000000000 6.9314718056 29.97000000000 0.0300000000 0.0693147181 0.3465735903 216.187851877211 0.2164042561 0.0799368693 1.6606804364 1.9577890922 1.5987373855 33.21360872733 39.15578184491 9.9550624126 13.98228298447 65.85110168224 0.0830349725 2.1873716296 1.1638409602 1.0000000000 20.00000000000 2.0000000000 40.00000000000 2.0000000000 10.00000000000 0.5000000000 0.0005000000 
64 135.560647299320 222.143154931286 921.629338781248 0.2347189907 5.3440062398 4.8900224235 2.8853900818 0.2000000000 6.9314718056 29.97000000000 0.0300000000 0.0693147181 0.3465735903 216.187851877211 0.2164042561 0.0813474033 1.8520914290 1.6947526278 1.6269480661 37.04182857982 33.89505255694 9.3963480470 15.39779015213 63.88247776975 0.0863477838 2.4303977721 0.9712026792 1.0000000000 20.00000000000 2.0000000000 40.00000000000 2.0000000000 10.00000000000 0.5000000000 0.0005000000 
65 128.073501889075 245.072730131655 890.293007702611 0.2406746955 5.9489304736 4.2037414087 2.8853900818 0.2000000000 6.9314718056 29.97000000000 0.0300000000 0.0693147181 0.3465735903 216.187851877211 0.2164042561 0.0834114933 2.0617421926 1.4569057526 1.6682298665 41.23484385134 29.13811505234 8.8773786739 16.98714719229 61.71040881613 0.0903760935 2.6935824263 0.8076759635 1.0000000000 20.00000000000 2.0000000000 40.00000000000 2.0000000000 10.00000000000 0.5000000000 0.0005000000 
66 121.134226581874 270.700452721563 856.713630914886 0.2486107262 6.6080085574 3.5922112761 2.8853900818 0.2000000000 6.9314718056 29.97000000000 0.0300000000 0.0693147181 0.3465735903 216.187851877211 0.2164042561 0.0861619120 2.2901612503 1.2449655590 1.7232382391 45.80322500670 24.89931118014 8.3963847625 18.76352555803 59.38286378159 0.0951913024 2.9766308721 0.6703954331 1.0000000000 20.00000000000 2.0000000000 40.00000000000 2.0000000000 10.00000000000 0.5000000000 0.0005000000 
67 114.719850652162 299.210782980636 821.539308735109 0.2586638322 7.3218082454 3.0543044259 2.8853900818 0.2000000000 6.9314718056 29.97000000000 0.0300000000 0.0693147181 0.3465735903 216.187851877211 0.2164042561 0.0896460530 2.5375453709 1.0585412507 1.7929210598 50.75090741900 21.17082501400 7.9517741034 20.73971106162 56.94476555689 0.1008796717 3.2786387156 0.5562101380 1.0000000000 20.00000000000 2.0000000000 40.00000000000 2.0000000000 10.00000000000 0.5000000000 0.0005000000 
68 108.809992810018 330.775772972163 785.358106168071 0.2709935434 8.0896497038 2.5865400941 2.8853900818 0.2000000000 6.9314718056 29.97000000000 0.0300000000 0.0693147181 0.3465735903 216.187851877211 0.2164042561 0.0939192053 2.8036589420 0.8964264868 1.8783841058 56.07317883915 17.92852973605 7.5421339733 22.92762944332 54.43687570203 0.1075436296 3.5979594734 0.4619509211 1.0000000000 20.00000000000 2.0000000000 40.00000000000 2.0000000000 10.00000000000 0.5000000000 0.0005000000 
69 103.386828230850 365.546129591685 748.690695015417 0.2858148144 8.9092873544 2.1838729294 2.8853900818 0.2000000000 6.9314718056 29.97000000000 0.0300000000 0.0693147181 0.3465735903 216.187851877211 0.2164042561 0.0990558664 3.0877237053 0.7568726819 1.9811173277 61.75447410519 15.13745363728 7.1662288495 25.33772690911 51.89528443614 0.1153029341 3.9320781967 0.3846116786 1.0000000000 20.00000000000 2.0000000000 40.00000000000 2.0000000000 10.00000000000 0.5000000000 0.0005000000 
70 98.43529525330 403.641175859757 711.985525852682 0.3033935152 9.7765758361 1.8402984006 2.8853900818 0.2000000000 6.9314718056 29.97000000000 0.0300000000 0.0693147181 0.3465735903 216.187851877211 0.2164042561 0.1051481798 3.3883029882 0.6377988239 2.1029635968 67.76605976324 12.75597647792 6.8230147372 27.97827430051 49.35107598443 0.1242965477 4.2774838367 0.3214551016 1.0000000000 20.00000000000 2.0000000000 40.00000000000 2.0000000000 10.00000000000 0.5000000000 0.0005000000 
71 93.94327966422 445.137001380289 675.619265544047 0.3240442862 10.68511864195 1.5493888861 2.8853900818 0.2000000000 6.9314718056 29.97000000000 0.0300000000 0.0693147181 0.3465735903 216.187851877211 0.2164042561 0.1123051917 3.7031799303 0.5369772690 2.2461038338 74.06359860614 10.73954538000 6.5116519432 30.85454574697 46.83035890438 0.1346846576 4.6295623114 0.2700637407 1.0000000000 20.00000000000 2.0000000000 40.00000000000 2.0000000000 10.00000000000 0.5000000000 0.0005000000 
72 89.90176660724 490.053412746954 639.899819048777 0.3481340385 11.62596539897 1.3047066083 2.8853900818 0.2000000000 6.9314718056 29.97000000000 0.0300000000 0.0693147181 0.3465735903 216.187851877211 0.2164042561 0.1206540636 4.0292525688 0.4521768535 2.4130812728 80.58505137586 9.0435370698 6.2315156051 33.96791413693 44.35447554145 0.1466511605 4.9825281304 0.2283517452 1.0000000000 20.00000000000 2.0000000000 40.00000000000 2.0000000000 10.00000000000 0.5000000000 0.0005000000 
73 86.30502669903 538.339686121813 605.072152458526 0.3760816285 12.58735165970 1.1000820193 2.8853900818 0.2000000000 6.9314718056 29.97000000000 0.0300000000 0.0693147181 0.3465735903 216.187851877211 0.2164042561 0.1303399602 4.3624436568 0.3812593750 2.6067992044 87.24887313635 7.6251875005 5.9822085925 37.31486356189 41.94040565120 0.1604062952 5.3294081424 0.1945518785 1.0000000000 20.00000000000 2.0000000000 40.00000000000 2.0000000000 10.00000000000 0.5000000000 0.0005000000 
74 83.15073313381 589.859583784045 571.325290872987 0.4083696889 13.55457235553 0.9297615586 2.8853900818 0.2000000000 6.9314718056 29.97000000000 0.0300000000 0.0693147181 0.3465735903 216.187851877211 0.2164042561 0.1415301492 4.6976568060 0.3222308015 2.8306029847 93.95313611930 6.4446160292 5.7635696233 40.88595074262 39.60125145512 0.1761895115 5.6621059218 0.1671882418 1.0000000000 20.00000000000 2.0000000000 40.00000000000 2.0000000000 10.00000000000 0.5000000000 0.0005000000 
75 80.44017629541 644.377458385764 538.798776942827 0.4455564200 14.50995643317 0.7885428936 2.8853900818 0.2000000000 6.9314718056 29.97000000000 0.0300000000 0.0693147181 0.3465735903 216.187851877211 0.2164042561 0.1544180881 5.0287676958 0.2732881417 3.0883617628 100.575353916974 5.4657628347 5.5756881403 44.66484184965 37.34668531271 0.1942731170 5.9715495142 0.1450418271 1.0000000000 20.00000000000 2.0000000000 40.00000000000 2.0000000000 10.00000000000 0.5000000000 0.0005000000 
76 78.17856464652 701.545466736895 507.589923062260 0.4882834870 15.43299985077 0.6718221279 2.8853900818 0.2000000000 6.9314718056 29.97000000000 0.0300000000 0.0693147181 0.3465735903 216.187851877211 0.2164042561 0.1692261612 5.3486701671 0.2328358069 3.3845232230 106.973403341453 4.6567161376 5.4189251665 48.62742623033 35.18345240512 0.2149660824 6.2479326496 0.1271148194 1.0000000000 20.00000000000 2.0000000000 40.00000000000 2.0000000000 10.00000000000 0.5000000000 0.0005000000 
77 76.37534928480 760.893131845275 477.760664204132 0.5372853545 16.30070298997 0.5755951924 2.8853900818 0.2000000000 6.9314718056 29.97000000000 0.0300000000 0.0693147181 0.3465735903 216.187851877211 0.2164042561 0.1862089143 5.6493931593 0.1994860924 3.7241782859 112.987863186405 3.9897218477 5.2939358021 52.74109290460 33.11584573755 0.2386182479 6.4810626441 0.1125963477 1.0000000000 20.00000000000 2.0000000000 40.00000000000 2.0000000000 10.00000000000 0.5000000000 0.0005000000 
78 75.04461147492 821.820130224451 449.343984421023 0.5933977666 17.08813316160 0.4964205337 2.8853900818 0.2000000000 6.9314718056 29.97000000000 0.0300000000 0.0693147181 0.3465735903 216.187851877211 0.2164042561 0.2056559944 5.9222956610 0.1720462466 4.1131198887 118.445913219981 3.4409249328 5.2016960860 56.96423061925 31.14615159030 0.2656247661 6.6608118006 0.1008313543 1.0000000000 20.00000000000 2.0000000000 40.00000000000 2.0000000000 10.00000000000 0.5000000000 0.0005000000 
79 74.20547815657 883.595622018388 422.349313630907 0.6575668768 17.76935261399 0.4313570448 2.8853900818 0.2000000000 6.9314718056 29.97000000000 0.0300000000 0.0693147181 0.3465735903 216.187851877211 0.2164042561 0.2278953134 6.1583883324 0.1494969597 4.5579062670 123.167766647629 2.9899391944 5.1435317966 61.24618141572 29.27502359547 0.2964311684 6.7776700511 0.0912929481 1.0000000000 20.00000000000 2.0000000000 40.00000000000 2.0000000000 10.00000000000 0.5000000000 0.0005000000 
80 73.88254159560 945.363633534075 396.767353368887 0.7308624313 18.31851678110 0.3779331655 2.8853900818 0.2000000000 6.9314718056 29.97000000000 0.0300000000 0.0693147181 0.3465735903 216.187851877211 0.2164042561 0.2532976168 6.3487141294 0.1309816540 5.0659523362 126.974282588608 2.6196330807 5.1211475400 65.52761371880 27.50181723259 0.3315387594 6.8233862976 0.0835589589 1.0000000000 20.00000000000 2.0000000000 40.00000000000 2.0000000000 10.00000000000 0.5000000000 0.0005000000 
81 74.10636681858 1006.1567355525484 372.574308250849 0.8144915901 18.71121509955 0.3341041955 2.8853900818 0.2000000000 6.9314718056 29.97000000000 0.0300000000 0.0693147181 0.3465735903 216.187851877211 0.2164042561 0.2822812746 6.4848129956 0.1157916906 5.6456254925 129.696259911013 2.3158338111 5.1366619222 69.74147044496 25.82488313131 0.3715102087 6.7916562396 0.0772922086 1.0000000000 20.00000000000 2.0000000000 40.00000000000 2.0000000000 10.00000000000 0.5000000000 0.0005000000 
82 74.91405328556 1064.9175015985545 349.735571502103 0.9098133642 18.92597229055 0.2981971390 2.8853900818 0.2000000000 6.9314718056 29.97000000000 0.0300000000 0.0693147181 0.3465735903 216.187851877211 0.2164042561 0.3153172841 6.5592421663 0.1033472531 6.3063456825 131.184843325527 2.0669450617 5.1926464819 73.81445637620 24.24182253282 0.4169750363 6.6788120996 0.0722243034 1.0000000000 20.00000000000 2.0000000000 40.00000000000 2.0000000000 10.00000000000 0.5000000000 0.0005000000 
83 76.34985953528 1120.5290367828834 328.208774963172 1.0183537596 18.94589186740 0.2688570148 2.8853900818 0.2000000000 6.9314718056 29.97000000000 0.0300000000 0.0693147181 0.3465735903 216.187851877211 0.2164042561 0.3529345187 6.5661457655 0.0931787409 7.0586903730 131.322915310838 1.8635748181 5.2921689873 77.66915425816 22.74969870008 0.4686348462 6.4844429779 0.0681423480 1.0000000000 20.00000000000 2.0000000000 40.00000000000 2.0000000000 10.00000000000 0.5000000000 0.0005000000 
84 78.46591750941 1171.8574838300922 307.946150515962 1.1418195907 18.76033014339 0.2449811730 2.8853900818 0.2000000000 6.9314718056 29.97000000000 0.0300000000 0.0693147181 0.3465735903 216.187851877211 0.2164042561 0.3957245150 6.5018349726 0.0849040047 7.9144903001 130.036699452637 1.6980800937 5.4388429492 81.22697109349 21.34520059944 0.5272683445 6.2118508293 0.0648779876 1.0000000000 20.00000000000 2.0000000000 40.00000000000 2.0000000000 10.00000000000 0.5000000000 0.0005000000 
85 81.32295007631 1217.7986951181947 288.896524768184 1.2821114030 18.36629774159 0.2256808809 2.8853900818 0.2000000000 6.9314718056 29.97000000000 0.0300000000 0.0693147181 0.3465735903 216.187851877211 0.2164042561 0.4443459521 6.3652737485 0.0782150331 8.8869190417 127.305474969101 1.5643006628 5.6368773560 84.41137320108 20.02478116166 0.5937352737 5.8682485131 0.0622988770 1.0000000000 20.00000000000 2.0000000000 40.00000000000 2.0000000000 10.00000000000 0.5000000000 0.0005000000 
86 84.99103698881 1257.3312618839004 271.006864492662 1.4413365024 17.76945648583 0.2102603175 2.8853900818 0.2000000000 6.9314718056 29.97000000000 0.0300000000 0.0693147181 0.3465735903 216.187851877211 0.2164042561 0.4995291665 6.1584243316 0.0728706731 9.9905833290 123.168486632330 1.4574134628 5.8911297662 87.15156192047 18.78476440355 0.6689789930 5.4645926705 0.0603017683 1.0000000000 20.00000000000 2.0000000000 40.00000000000 2.0000000000 10.00000000000 0.5000000000 0.0005000000 
87 89.55040393328 1289.5699418111790 254.223593761271 1.6218193285 16.98453032470 0.1981843094 2.8853900818 0.2000000000 6.9314718056 29.97000000000 0.0300000000 0.0693147181 0.3465735903 216.187851877211 0.2164042561 0.5620797475 5.8863896538 0.0686854477 11.24159494930 117.727793076995 1.3737089530 6.2071610004 89.38617693013 17.62143672474 0.7540263297 5.0149911531 0.0588070827 1.0000000000 20.00000000000 2.0000000000 40.00000000000 2.0000000000 10.00000000000 0.5000000000 0.0005000000 
88 95.09221986342 1313.8180754133139 238.493556820375 1.8261081707 16.03502377017 0.1890454968 2.8853900818 0.2000000000 6.9314718056 29.97000000000 0.0300000000 0.0693147181 0.3465735903 216.187851877211 0.2164042561 0.6328808649 5.5573157583 0.0655181766 12.65761729885 111.146315165042 1.3103635312 6.5912904092 91.06692947414 16.53111364918 0.8499841850 4.5356954263 0.0577545304 1.0000000000 20.00000000000 2.0000000000 40.00000000000 2.0000000000 10.00000000000 0.5000000000 0.0005000000 
89 101.719382772944 1329.6112163309758 223.764467551259 2.0569758725 14.95185194516 0.1824077216 2.8853900818 0.2000000000 6.9314718056 29.97000000000 0.0300000000 0.0693147181 0.3465735903 216.187851877211 0.2164042561 0.7128935132 5.1819170100 0.0632176990 14.25787026494 103.638340199347 1.2643539792 7.0506503377 92.16162658407 15.51017097927 0.9580337082 4.0437834584 0.0570997015 1.0000000000 20.00000000000 2.0000000000 40.00000000000 2.0000000000 10.00000000000 0.5000000000 0.0005000000 
90 109.547238487061 1336.7427285101382 209.982765542228 2.3174200902 13.77104669078 0.1771748531 2.8853900818 0.2000000000 6.9314718056 29.97000000000 0.0300000000 0.0693147181 0.3465735903 216.187851877211 0.2164042561 0.8031566009 4.7726810935 0.0614041250 16.06313201702 95.45362187072 1.2280824992 7.5932359495 92.65594534008 14.55489619018 1.0794441151 3.5557274646 0.0568115774 1.0000000000 20.00000000000 2.0000000000 40.00000000000 2.0000000000 10.00000000000 0.5000000000 0.0005000000 
91 118.704256823679 1335.2676168654959 197.093316934076 2.6106721203 12.53094567509 0.1732426058 2.8853900818 0.2000000000 6.9314718056 29.97000000000 0.0300000000 0.0693147181 0.3465735903 216.187851877211 0.2164042561 0.9047900098 4.3428948322 0.0600413119 18.09580019583 86.85789664441 1.2008262375 8.2279520938 92.55369839233 13.66146769401 1.2155873528 3.0860776895 0.0568707961 1.0000000000 20.00000000000 2.0000000000 40.00000000000 2.0000000000 10.00000000000 0.5000000000 0.0005000000 
92 129.332759116551 1325.4944285972167 185.045340037848 2.9402048642 11.26986953221 0.1707454993 2.8853900818 0.2000000000 6.9314718056 29.97000000000 0.0300000000 0.0693147181 0.3465735903 216.187851877211 0.2164042561 1.0189973559 3.9058391458 0.0591758807 20.37994711864 78.11678291528 1.1835176144 8.9646637336 91.87627260301 12.82636557230 1.3678800620 2.6464728492 0.0572681447 1.0000000000 20.00000000000 2.0000000000 40.00000000000 2.0000000000 10.00000000000 0.5000000000 0.0005000000 
93 141.589478494091 1307.9613784246731 173.791858293790 3.3096798156 10.02331065345 0.1694439181 2.8853900818 0.2000000000 6.9314718056 29.97000000000 0.0300000000 0.0693147181 0.3465735903 216.187851877211 0.2164042561 1.1470476164 3.4738147597 0.0587247870 22.94095232752 69.47629519313 1.1744957406 9.8142347815 90.66097417364 12.04633365806 1.5377533647 2.2451205386 0.0580034087 1.0000000000 20.00000000000 2.0000000000 40.00000000000 2.0000000000 10.00000000000 0.5000000000 0.0005000000 
94 155.645687489373 1283.3908967395503 163.287124916308 3.7229051863 8.8216618985 0.1692699719 2.8853900818 0.2000000000 6.9314718056 29.97000000000 0.0300000000 0.0693147181 0.3465735903 216.187851877211 0.2164042561 1.2902606167 3.0573550364 0.0586645019 25.80521233377 61.14710072792 1.1732900381 10.78853694496 88.95787816313 11.31820102575 1.7266540767 1.8867637179 0.0590848711 1.0000000000 20.00000000000 2.0000000000 40.00000000000 2.0000000000 10.00000000000 0.5000000000 0.0005000000 
95 171.686938810283 1252.6360376064574 153.488377025592 4.1837670564 7.6890099150 0.1702043992 2.8853900818 0.2000000000 6.9314718056 29.97000000000 0.0300000000 0.0693147181 0.3465735903 216.187851877211 0.2164042561 1.4499831696 2.6648077720 0.0589883497 28.99966339242 53.29615543909 1.1797669941 11.90043175753 86.82611377347 10.63900357840 1.9359822063 1.5730356267 0.0605291210 1.0000000000 20.00000000000 2.0000000000 40.00000000000 2.0000000000 10.00000000000 0.5000000000 0.0005000000 
96 189.912400408697 1216.6311409403290 144.355788829847 4.6961546495 6.6426502678 0.1722491465 2.8853900818 0.2000000000 6.9314718056 29.97000000000 0.0300000000 0.0693147181 0.3465735903 216.187851877211 0.2164042561 1.6275631774 2.3021671523 0.0596970051 32.55126354803 46.04334304563 1.1939401027 13.16372448967 84.33044451242 10.00598080249 2.1670323156 1.3030601501 0.0623608317 1.0000000000 20.00000000000 2.0000000000 40.00000000000 2.0000000000 10.00000000000 0.5000000000 0.0005000000 
97 210.533643770150 1176.3487344543478 135.852358064772 5.2638440173 5.6933471399 0.1754451665 2.8853900818 0.2000000000 6.9314718056 29.97000000000 0.0300000000 0.0693147181 0.3465735903 216.187851877211 0.2164042561 1.8243093197 1.9731637590 0.0608046613 36.48618639497 39.46327517972 1.2160932253 14.59308015923 81.53828086423 9.4165678965 2.4209217739 1.0741504771 0.0646124776 1.0000000000 20.00000000000 2.0000000000 40.00000000000 2.0000000000 10.00000000000 0.5000000000 0.0005000000 
98 233.772689145576 1132.7529217253634 127.943787755403 5.8903528028 4.8458200859 0.1798332391 2.8853900818 0.2000000000 6.9314718056 29.97000000000 0.0300000000 0.0693147181 0.3465735903 216.187851877211 0.2164042561 2.0414407189 1.6794332650 0.0623254513 40.82881437791 33.58866530020 1.2465090263 16.20388803732 78.51644939650 8.8683875753 2.6985049069 0.8824849984 0.0673245978 1.0000000000 20.00000000000 2.0000000000 40.00000000000 2.0000000000 10.00000000000 0.5000000000 0.0005000000 
99 259.858727728091 1086.7508809220731 120.598383361697 6.5787310690 4.0997542024 0.1854614825 2.8853900818 0.2000000000 6.9314718056 29.97000000000 0.0300000000 0.0693147181 0.3465735903 216.187851877211 0.2164042561 2.2800144461 1.4208665332 0.0642760518 45.60028892119 28.41733066416 1.2855210369 18.01203444686 75.32783090822 8.3592429407 3.0002730985 0.7236841805 0.0705470031 1.0000000000 20.00000000000 2.0000000000 40.00000000000 2.0000000000 10.00000000000 0.5000000000 0.0005000000 
100 289.023834557272 1039.1710986589665 113.787024174067 7.3313424702 3.4511257707 0.1924149021 2.8853900818 0.2000000000 6.9314718056 29.97000000000 0.0300000000 0.0693147181 0.3465735903 216.187851877211 0.2164042561 2.5408496815 1.1960690488 0.0666859234 50.81699362916 23.92138097686 1.3337184687 20.03360560380 72.02985171548 7.8871154991 3.3262394417 0.5932480841 0.0743393794 1.0000000000 20.00000000000 2.0000000000 40.00000000000 2.0000000000 10.00000000000 0.5000000000 0.0005000000 
##CONCENTRATIONS
#t PX PY PZ X Y Z t_ave beta k_tl a_tr a0_tr kd_prot kd_mRNA alpha alpha0 Reaction1 Reaction2 Reaction3 Reaction4 Reaction5 Reaction6 Reaction7 Reaction8 Reaction9 Reaction10 Reaction11 Reaction12 cell eff n KM tau_mRNA tau_prot ps_a ps_0 


