#t E1 E2 KKK P_KKK KK P_KK PP_KK K P_K PP_K KPase KKPase E1_KKK E2_P_KKK P_KKK_KK P_KKK_P_KK PP_KK_K PP_KK_P_K KKPase_PP_KK KKPase_P_KK KPase_PP_K KPase_P_K K_PP_norm rel_K_PP_max KK_PP_norm KKK_P_norm r1a r1b r2a r2b r3a r3b r4a r4b r5a r5b r6a r6b r7a r7b r8a r8b r9a r9b r10a r10b compartment K_PP_norm_max 
##CONCENTRATIONS
0 0.0000300000 0.0003000000 0.0030000000 0.000000 1.2000000000 0.000000 0.000000 1.2000000000 0.000000 0.000000 0.1200000000 0.0003000000 0.000000 0.000000 0.000000 0.000000 0.000000 0.000000 0.000000 0.000000 0.000000 0.000000 0.000000 0.000000 0.000000 0.000000 0.000000 0.000000 0.000000 0.000000 0.000000 0.000000 0.000000 0.000000 0.000000 0.000000 0.000000 0.000000 0.000000 0.000000 0.000000 0.000000 0.000000 0.000000 0.000000 0.000000 0.000000 0.9000490000 
1 0.0000297072 0.0002999913 0.0029562758 0.00000870750 1.1974792716 0.0024808720 0.000000544800 1.1999909061 0.00000497814 0.000000 0.1199980352 0.0002975546 0.000000292757 0.00000000867884 0.0000346439 0.0000000713108 0.00000215093 0.000000 0.000000 0.00000244491 0.000000 0.00000196483 0.000000 0.000000 0.00000224690 0.0144756932 0.000000 0.000000 0.000000 0.000000 0.000000 0.000000 0.000000 0.000000 0.000000 0.000000 0.000000 0.000000 0.000000 0.000000 0.000000 0.000000 0.000000 0.000000 0.000000 0.000000 0.000000 0.9000490000 
2 0.0000297113 0.0002999830 0.0029146067 0.0000170406 1.1905740896 0.0093085507 0.00000810240 1.1998595058 0.0000774965 0.00000000490372 0.1199692080 0.0002909903 0.000000288669 0.0000000170124 0.0000675207 0.000000526270 0.0000321986 0.00000000210289 0.00000000780905 0.00000900184 0.00000000193750 0.0000307901 0.00000000570102 0.00000000633412 0.0000335924 0.0283654160 0.000000 0.000000 0.000000 0.000000 0.000000 0.000000 0.000000 0.000000 0.000000 0.000000 0.000000 0.000000 0.000000 0.000000 0.000000 0.000000 0.000000 0.000000 0.000000 0.000000 0.000000 0.9000490000 
3 0.0000297152 0.0002999750 0.0028747597 0.0000250120 1.1801048081 0.0195872673 0.0000380585 1.1993313059 0.0003698456 0.000000111179 0.1198528223 0.0002816121 0.000000284760 0.0000000249839 0.0000982904 0.00000162811 0.0001515130 0.0000000466464 0.0000000355794 0.0000183523 0.0000000440502 0.0001471336 0.000000129358 0.000000143723 0.0001580448 0.0416478025 0.000000 0.000000 0.000000 0.000000 0.000000 0.000000 0.000000 0.000000 0.000000 0.000000 0.000000 0.000000 0.000000 0.000000 0.000000 0.000000 0.000000 0.000000 0.000000 0.000000 0.000000 0.9000490000 
4 0.0000297190 0.0002999674 0.0028366560 0.0000326415 1.1667246041 0.0325591899 0.0001116179 1.1980245853 0.0010944383 0.000000979116 0.1195647740 0.0002705723 0.000000281021 0.0000000326131 0.0001268541 0.00000353482 0.0004443665 0.000000404822 0.000000100373 0.0000293274 0.000000387831 0.0004348381 0.00000113912 0.00000126562 0.0004637414 0.0543491534 0.000000 0.000000 0.000000 0.000000 0.000000 0.000000 0.000000 0.000000 0.000000 0.000000 0.000000 0.000000 0.000000 0.000000 0.000000 0.000000 0.000000 0.000000 0.000000 0.000000 0.000000 0.9000490000 
5 0.0000297226 0.0002999601 0.0028002206 0.0000399503 1.1509391148 0.0475986680 0.0002531209 1.1954958743 0.0024994769 0.00000513865 0.1190088406 0.0002587662 0.000000277444 0.0000000399212 0.0001531839 0.00000632779 0.0010062520 0.00000209886 0.000000217829 0.0000410160 0.00000202862 0.0009891308 0.00000597273 0.00000663600 0.0010514079 0.0664943730 0.000000 0.000000 0.000000 0.000000 0.000000 0.000000 0.000000 0.000000 0.000000 0.000000 0.000000 0.000000 0.000000 0.000000 0.000000 0.000000 0.000000 0.000000 0.000000 0.000000 0.000000 0.9000490000 
6 0.0000297260 0.0002999531 0.0027653834 0.0000469609 1.1331379756 0.0641900364 0.0004883273 1.1912649995 0.0048567562 0.0000195266 0.1180844316 0.0002468233 0.000000274024 0.0000000469307 0.0001773005 0.0000100343 0.0019352747 0.00000787455 0.000000401062 0.0000527757 0.00000765539 0.0019079130 0.0000226517 0.0000251672 0.0020265647 0.0781069199 0.000000 0.000000 0.000000 0.000000 0.000000 0.000000 0.000000 0.000000 0.000000 0.000000 0.000000 0.000000 0.000000 0.000000 0.000000 0.000000 0.000000 0.000000 0.000000 0.000000 0.000000 0.9000490000 
7 0.0000297292 0.0002999463 0.0027320782 0.0000536968 1.1136236301 0.0819052965 0.0008433611 1.1848245924 0.0084588146 0.0000596712 0.1166920624 0.0002351725 0.000000270753 0.0000000536652 0.0001992572 0.0000146433 0.0033252849 0.0000236993 0.000000660102 0.0000641674 0.0000231320 0.0032848055 0.0000690027 0.0000766655 0.0034941712 0.0892087696 0.000000 0.000000 0.000000 0.000000 0.000000 0.000000 0.000000 0.000000 0.000000 0.000000 0.000000 0.000000 0.000000 0.000000 0.000000 0.000000 0.000000 0.000000 0.000000 0.000000 0.000000 0.9000490000 
8 0.0000297324 0.0002999399 0.0027002438 0.0000601822 1.0926410299 0.1003788577 0.0013441317 1.1756365362 0.0136237427 0.0001562259 0.1147372975 0.0002240582 0.000000267626 0.0000000601490 0.0002191291 0.0000201171 0.0052599305 0.0000608622 0.00000100271 0.0000749391 0.0000595749 0.0052031276 0.0001798340 0.0001998047 0.0055549393 0.0998203942 0.000000 0.000000 0.000000 0.000000 0.000000 0.000000 0.000000 0.000000 0.000000 0.000000 0.000000 0.000000 0.000000 0.000000 0.000000 0.000000 0.000000 0.000000 0.000000 0.000000 0.000000 0.9000490000 
9 0.0000297354 0.0002999336 0.0026698231 0.0000664416 1.0703890441 0.1192992928 0.0020161093 1.1631162933 0.0207064653 0.0003651634 0.1121337144 0.0002136429 0.000000264637 0.0000000664064 0.0002370050 0.0000263993 0.0078069959 0.0001387965 0.00000143410 0.0000849230 0.0001361380 0.0077301475 0.0004177512 0.0004641428 0.0083027799 0.1099607610 0.000000 0.000000 0.000000 0.000000 0.000000 0.000000 0.000000 0.000000 0.000000 0.000000 0.000000 0.000000 0.000000 0.000000 0.000000 0.000000 0.000000 0.000000 0.000000 0.000000 0.000000 0.9000490000 
10 0.0000297382 0.0002999275 0.0026407637 0.0000724995 1.0470355421 0.1383961919 0.0028844289 1.1466029642 0.0301165767 0.0007842195 0.1088051600 0.0002039650 0.000000261781 0.0000000724621 0.0002529816 0.0000334210 0.0110125038 0.0002888957 0.00000195955 0.0000940755 0.0002837658 0.0109110742 0.0008899878 0.0009888215 0.0118231566 0.1196473473 0.000000 0.000000 0.000000 0.000000 0.000000 0.000000 0.000000 0.000000 0.000000 0.000000 0.000000 0.000000 0.000000 0.000000 0.000000 0.000000 0.000000 0.000000 0.000000 0.000000 0.000000 0.9000490000 
11 0.0000297409 0.0002999217 0.0026130176 0.0000783799 1.0227308474 0.1574285323 0.0039742355 1.1253126191 0.0423418352 0.0015803475 0.1046880168 0.0001950952 0.000000259054 0.0000000783402 0.0002671608 0.0000411043 0.0148934682 0.0005597468 0.00000258111 0.0001023236 0.0005503199 0.0147616633 0.0017755562 0.0019727328 0.0161916930 0.1288961705 0.000000 0.000000 0.000000 0.000000 0.000000 0.000000 0.000000 0.000000 0.000000 0.000000 0.000000 0.000000 0.000000 0.000000 0.000000 0.000000 0.000000 0.000000 0.000000 0.000000 0.000000 0.9000490000 
12 0.0000297435 0.0002999159 0.0025865409 0.0000841066 0.9976049511 0.1761879874 0.0053115734 1.0982627981 0.0579795859 0.0030373964 0.0997332095 0.0001869529 0.000000256451 0.0000000840642 0.0002796452 0.0000493668 0.0194288697 0.0010245593 0.00000330598 0.0001097411 0.0010078140 0.0192589765 0.0033710087 0.0037453614 0.0214735904 0.1377218298 0.000000 0.000000 0.000000 0.000000 0.000000 0.000000 0.000000 0.000000 0.000000 0.000000 0.000000 0.000000 0.000000 0.000000 0.000000 0.000000 0.000000 0.000000 0.000000 0.000000 0.000000 0.9000490000 
13 0.0000297460 0.0002999103 0.0025612939 0.0000897025 0.9717810356 0.1944867819 0.0069249185 1.0641580631 0.0777718566 0.0056416789 0.0939097251 0.0001795225 0.000000253969 0.0000000896572 0.0002905368 0.0000581231 0.0245461394 0.0017919871 0.00000413970 0.0001163378 0.0017628600 0.0243274150 0.0061704490 0.0068556812 0.0277226539 0.1461375588 0.000000 0.000000 0.000000 0.000000 0.000000 0.000000 0.000000 0.000000 0.000000 0.000000 0.000000 0.000000 0.000000 0.000000 0.000000 0.000000 0.000000 0.000000 0.000000 0.000000 0.000000 0.9000490000 
14 0.0000297484 0.0002999049 0.0025372409 0.0000951894 0.9453663589 0.2121666844 0.0088485698 1.0212033933 0.1026406331 0.0102413152 0.0872092671 0.0001727617 0.000000251604 0.0000000951411 0.0002999341 0.0000672889 0.0301016264 0.0030222991 0.00000509133 0.0001221470 0.0029721134 0.0298186194 0.0110111905 0.0122339900 0.0349813222 0.1541552853 0.000000 0.000000 0.000000 0.000000 0.000000 0.000000 0.000000 0.000000 0.000000 0.000000 0.000000 0.000000 0.000000 0.000000 0.000000 0.000000 0.000000 0.000000 0.000000 0.000000 0.000000 0.9000490000 
15 0.0000297506 0.0002998995 0.0025143496 0.0001005885 0.9184633855 0.2290888676 0.0111295662 0.9668162487 0.1336878500 0.0183523631 0.0796565448 0.0001666142 0.000000249352 0.000000100537 0.0003079318 0.0000767802 0.0358483984 0.0049516845 0.00000617684 0.0001272090 0.0048651644 0.0354782908 0.0193479396 0.0214965403 0.0432798549 0.1617856991 0.000000 0.000000 0.000000 0.000000 0.000000 0.000000 0.000000 0.000000 0.000000 0.000000 0.000000 0.000000 0.000000 0.000000 0.000000 0.000000 0.000000 0.000000 0.000000 0.000000 0.000000 0.9000490000 
16 0.0000297528 0.0002998941 0.0024925916 0.0001059194 0.8911662427 0.2451384321 0.0138435814 0.8971995504 0.1720596654 0.0327591101 0.0713299253 0.0001609916 0.000000247212 0.000000105864 0.0003146189 0.0000865171 0.0413840178 0.0079275816 0.00000742781 0.0001315806 0.0077771198 0.0408929549 0.0337801916 0.0375315028 0.0526355072 0.1690383265 0.000000 0.000000 0.000000 0.000000 0.000000 0.000000 0.000000 0.000000 0.000000 0.000000 0.000000 0.000000 0.000000 0.000000 0.000000 0.000000 0.000000 0.000000 0.000000 0.000000 0.000000 0.9000490000 
17 0.0000297548 0.0002998889 0.0024719415 0.0001112002 0.8635600716 0.2602276055 0.0171330092 0.8068721635 0.2183454825 0.0586695872 0.0624059350 0.0001558900 0.000000245181 0.000000111141 0.0003200773 0.0000964246 0.0460673037 0.0124513981 0.00000889760 0.0001352124 0.0121867066 0.0454073584 0.0590469115 0.0656041076 0.0630505072 0.1759216147 0.000000 0.000000 0.000000 0.000000 0.000000 0.000000 0.000000 0.000000 0.000000 0.000000 0.000000 0.000000 0.000000 0.000000 0.000000 0.000000 0.000000 0.000000 0.000000 0.000000 0.000000 0.9000490000 
18 0.0000297567 0.0002998836 0.0024523769 0.0001164470 0.8357197302 0.2743028198 0.0213003166 0.6889328304 0.2706098326 0.1056110698 0.0532511649 0.0001511151 0.000000243255 0.000000116384 0.0003243776 0.0001064389 0.0489104886 0.0191869435 0.0000107224 0.0001381624 0.0187209205 0.0480279146 0.1036099919 0.1151159458 0.0745070592 0.1824430397 0.000000 0.000000 0.000000 0.000000 0.000000 0.000000 0.000000 0.000000 0.000000 0.000000 0.000000 0.000000 0.000000 0.000000 0.000000 0.000000 0.000000 0.000000 0.000000 0.000000 0.000000 0.9000490000 
19 0.0000297586 0.0002998784 0.0024338776 0.0001216718 0.8077036394 0.2873651527 0.0270182870 0.5393225591 0.3194868497 0.1884436671 0.0445684052 0.0001464959 0.000000241435 0.000000121605 0.0003275737 0.0001165138 0.0485788308 0.0287364985 0.0000131838 0.0001403203 0.0279590931 0.0474725017 0.1803356335 0.2003620176 0.0869556667 0.1886092661 0.000000 0.000000 0.000000 0.000000 0.000000 0.000000 0.000000 0.000000 0.000000 0.000000 0.000000 0.000000 0.000000 0.000000 0.000000 0.000000 0.000000 0.000000 0.000000 0.000000 0.000000 0.9000490000 
20 0.0000297603 0.0002998732 0.0024164255 0.0001268802 0.7795425762 0.2995075626 0.0355749977 0.3714005669 0.3435777758 0.3177166900 0.0374552902 0.0001417217 0.000000239717 0.000000126809 0.0003296898 0.0001266380 0.0440610860 0.0406991714 0.0000167913 0.0001414871 0.0396235422 0.0429211676 0.2977835269 0.3308525723 0.1002933720 0.1944264112 0.000000 0.000000 0.000000 0.000000 0.000000 0.000000 0.000000 0.000000 0.000000 0.000000 0.000000 0.000000 0.000000 0.000000 0.000000 0.000000 0.000000 0.000000 0.000000 0.000000 0.000000 0.9000490000 
21 0.0000297619 0.0002998680 0.0024000025 0.0001320685 0.7512370008 0.3109270782 0.0481861844 0.2277110523 0.3265321664 0.4695855878 0.0328475392 0.0001365550 0.000000238101 0.000000131993 0.0003307142 0.0001368447 0.0366039866 0.0524147460 0.0000219145 0.0001415305 0.0513793527 0.0357731081 0.4341374504 0.4823486837 0.1143556930 0.1999004621 0.000000 0.000000 0.000000 0.000000 0.000000 0.000000 0.000000 0.000000 0.000000 0.000000 0.000000 0.000000 0.000000 0.000000 0.000000 0.000000 0.000000 0.000000 0.000000 0.000000 0.000000 0.9000490000 
22 0.0000297634 0.0002998628 0.0023845901 0.0001372317 0.7228017499 0.3217899705 0.0640337613 0.1386410645 0.2865140636 0.5945939010 0.0304769802 0.0001312373 0.000000236583 0.000000137152 0.0003306397 0.0001471647 0.0296025285 0.0611254225 0.0000279905 0.0001407722 0.0603867427 0.0291362771 0.5458172031 0.6064305422 0.1289914191 0.2050375879 0.000000 0.000000 0.000000 0.000000 0.000000 0.000000 0.000000 0.000000 0.000000 0.000000 0.000000 0.000000 0.000000 0.000000 0.000000 0.000000 0.000000 0.000000 0.000000 0.000000 0.000000 0.9000490000 
23 0.0000297648 0.0002998577 0.0023701700 0.0001423741 0.6943125046 0.3320839514 0.0814807353 0.0898328276 0.2469221166 0.6810993732 0.0293161819 0.0001261343 0.000000235164 0.000000142290 0.0003295126 0.0001575658 0.0244137361 0.0670481285 0.0000342376 0.0001396281 0.0665399630 0.0241438552 0.6230327801 0.6922209570 0.1441473645 0.2098439064 0.000000 0.000000 0.000000 0.000000 0.000000 0.000000 0.000000 0.000000 0.000000 0.000000 0.000000 0.000000 0.000000 0.000000 0.000000 0.000000 0.000000 0.000000 0.000000 0.000000 0.000000 0.9000490000 
24 0.0000297662 0.0002998526 0.0023567253 0.0001475067 0.6658761853 0.3416968771 0.0999181707 0.0618917685 0.2139029968 0.7410568738 0.0286863819 0.0001213626 0.000000233840 0.000000147417 0.0003274126 0.0001679740 0.0206298995 0.0712048433 0.0000404014 0.0001382359 0.0708488543 0.0204647637 0.6765881068 0.7517236359 0.1598277625 0.2143250372 0.000000 0.000000 0.000000 0.000000 0.000000 0.000000 0.000000 0.000000 0.000000 0.000000 0.000000 0.000000 0.000000 0.000000 0.000000 0.000000 0.000000 0.000000 0.000000 0.000000 0.000000 0.9000490000 
25 0.0000297674 0.0002998475 0.0023442412 0.0001526416 0.6375987049 0.3505096041 0.1191404353 0.0447345681 0.1870999672 0.7844129588 0.0283129592 0.0001169414 0.000000232610 0.000000152547 0.0003244250 0.0001783070 0.0177749158 0.0742905494 0.0000464225 0.0001366361 0.0740206195 0.0176664213 0.7153613152 0.7948026332 0.1760436024 0.2184859339 0.000000 0.000000 0.000000 0.000000 0.000000 0.000000 0.000000 0.000000 0.000000 0.000000 0.000000 0.000000 0.000000 0.000000 0.000000 0.000000 0.000000 0.000000 0.000000 0.000000 0.000000 0.9000490000 
26 0.0000297685 0.0002998423 0.0023327047 0.0001577902 0.6095765879 0.3584218456 0.1391008224 0.0335261989 0.1653303279 0.8170127485 0.0280737578 0.0001128543 0.000000231474 0.000000157690 0.0003206313 0.0001884846 0.0155521169 0.0766523656 0.0000523079 0.0001348378 0.0764482893 0.0154779529 0.7445508648 0.8272337004 0.1927980107 0.2223308922 0.000000 0.000000 0.000000 0.000000 0.000000 0.000000 0.000000 0.000000 0.000000 0.000000 0.000000 0.000000 0.000000 0.000000 0.000000 0.000000 0.000000 0.000000 0.000000 0.000000 0.000000 0.9000490000 
27 0.0000297696 0.0002998371 0.0023221047 0.0001629626 0.5818961435 0.3653562095 0.1597409752 0.0258696191 0.1474759761 0.8422658572 0.0279126672 0.0001090825 0.000000230430 0.000000162857 0.0003161073 0.0001984320 0.0137799068 0.0785213081 0.0000580641 0.0001328534 0.0783605818 0.0137267510 0.7671886992 0.8523854803 0.2100835452 0.2258636092 0.000000 0.000000 0.000000 0.000000 0.000000 0.000000 0.000000 0.000000 0.000000 0.000000 0.000000 0.000000 0.000000 0.000000 0.000000 0.000000 0.000000 0.000000 0.000000 0.000000 0.000000 0.9000490000 
28 0.0000297705 0.0002998319 0.0023124318 0.0001681676 0.5546343131 0.3712572032 0.1810265274 0.0204387750 0.1326356617 0.8623564921 0.0277994847 0.0001056028 0.000000229477 0.000000168056 0.0003109233 0.0002080798 0.0123347190 0.0800338368 0.0000637039 0.0001306934 0.0799055388 0.0122949765 0.7852183591 0.8724173452 0.2278823226 0.2290872615 0.000000 0.000000 0.000000 0.000000 0.000000 0.000000 0.000000 0.000000 0.000000 0.000000 0.000000 0.000000 0.000000 0.000000 0.000000 0.000000 0.000000 0.000000 0.000000 0.000000 0.000000 0.9000490000 
29 0.0000297714 0.0002998267 0.0023036776 0.0001734120 0.5278596961 0.3760892905 0.2029117683 0.0164616935 0.1201769137 0.8786594381 0.0277171744 0.0001023925 0.000000228615 0.000000173294 0.0003051442 0.0002173644 0.0111364364 0.0812826926 0.0000692372 0.0001283704 0.0811759228 0.0111069028 0.7998628008 0.8886880612 0.2461667788 0.2320045926 0.000000 0.000000 0.000000 0.000000 0.000000 0.000000 0.000000 0.000000 0.000000 0.000000 0.000000 0.000000 0.000000 0.000000 0.000000 0.000000 0.000000 0.000000 0.000000 0.000000 0.000000 0.9000490000 
30 0.0000297722 0.0002998214 0.0022958349 0.0001787011 0.5016335524 0.3798346881 0.2253495335 0.0134797864 0.1096071165 0.8921122602 0.0276557615 0.0000994301 0.000000227842 0.000000178577 0.0002988301 0.0002262275 0.0101309849 0.0823256136 0.0000746714 0.0001258986 0.0822369689 0.0101072696 0.8119576909 0.9021260963 0.2649006694 0.2346180039 0.000000 0.000000 0.000000 0.000000 0.000000 0.000000 0.000000 0.000000 0.000000 0.000000 0.000000 0.000000 0.000000 0.000000 0.000000 0.000000 0.000000 0.000000 0.000000 0.000000 0.000000 0.9000490000 
31 0.0000297728 0.0002998161 0.0022888974 0.0001840382 0.4760107717 0.3824913047 0.2482839801 0.0112027374 0.1005448213 0.9033774930 0.0276090382 0.0000966964 0.000000227159 0.000000183908 0.0002920372 0.0002346162 0.0092743453 0.0832096412 0.0000800096 0.0001232940 0.0831351852 0.0092557766 0.8220938985 0.9133879361 0.2840399802 0.2369296562 0.000000 0.000000 0.000000 0.000000 0.000000 0.000000 0.000000 0.000000 0.000000 0.000000 0.000000 0.000000 0.000000 0.000000 0.000000 0.000000 0.000000 0.000000 0.000000 0.000000 0.000000 0.9000490000 
32 0.0000297734 0.0002998107 0.0022828587 0.0001894243 0.4510410631 0.3840713012 0.2716489851 0.0094284251 0.0927306556 0.9129081321 0.0275727345 0.0000941723 0.000000226564 0.000000189287 0.0002848185 0.0002424827 0.0085400387 0.0839654831 0.0000852554 0.0001205722 0.0839022173 0.0085250482 0.8306752911 0.9229222977 0.3035331353 0.2389416007 0.000000 0.000000 0.000000 0.000000 0.000000 0.000000 0.000000 0.000000 0.000000 0.000000 0.000000 0.000000 0.000000 0.000000 0.000000 0.000000 0.000000 0.000000 0.000000 0.000000 0.000000 0.9000490000 
33 0.0000297739 0.0002998053 0.0022777131 0.0001948585 0.4267673314 0.3845984548 0.2953765594 0.0080263710 0.0859435939 0.9210516600 0.0275441131 0.0000918413 0.000000226057 0.000000194714 0.0002772234 0.0002497842 0.0079050214 0.0846174668 0.0000904089 0.0001177497 0.0845631279 0.0078927590 0.8380123233 0.9310741118 0.3233245471 0.2406557894 0.000000 0.000000 0.000000 0.000000 0.000000 0.000000 0.000000 0.000000 0.000000 0.000000 0.000000 0.000000 0.000000 0.000000 0.000000 0.000000 0.000000 0.000000 0.000000 0.000000 0.000000 0.9000490000 
34 0.0000297744 0.0002997998 0.0022734544 0.0002003376 0.4032284680 0.3841075993 0.3193919033 0.0069036182 0.0800131909 0.9280684881 0.0275212326 0.0000896882 0.000000225637 0.000000200186 0.0002692996 0.0002564826 0.0073520662 0.0851838692 0.0000954689 0.0001148429 0.0851368515 0.0073419159 0.8443377830 0.9381020178 0.3433527563 0.2420742846 0.000000 0.000000 0.000000 0.000000 0.000000 0.000000 0.000000 0.000000 0.000000 0.000000 0.000000 0.000000 0.000000 0.000000 0.000000 0.000000 0.000000 0.000000 0.000000 0.000000 0.000000 0.9000490000 
35 0.0000297747 0.0002997943 0.0022700758 0.0002058555 0.3804587873 0.3826430176 0.3436155227 0.0059955541 0.0748012821 0.9341591838 0.0275027538 0.0000876990 0.000000225304 0.000000205696 0.0002610929 0.0002625447 0.0068674333 0.0856793006 0.0001004328 0.0001118681 0.0856382612 0.0068589850 0.8498312042 0.9442054868 0.3635522411 0.2431993443 0.000000 0.000000 0.000000 0.000000 0.000000 0.000000 0.000000 0.000000 0.000000 0.000000 0.000000 0.000000 0.000000 0.000000 0.000000 0.000000 0.000000 0.000000 0.000000 0.000000 0.000000 0.9000490000 
36 0.0000297749 0.0002997888 0.0022675695 0.0002114037 0.3584883689 0.3802574944 0.3679638290 0.0052501608 0.0702089849 0.9394728775 0.0274876017 0.0000858614 0.000000225057 0.000000211236 0.0002526478 0.0002679426 0.0064414422 0.0861141364 0.0001052969 0.0001088416 0.0860781458 0.0064342525 0.8546258528 0.9495325841 0.3838539204 0.2440335585 0.000000 0.000000 0.000000 0.000000 0.000000 0.000000 0.000000 0.000000 0.000000 0.000000 0.000000 0.000000 0.000000 0.000000 0.000000 0.000000 0.000000 0.000000 0.000000 0.000000 0.000000 0.9000490000 
37 0.0000297751 0.0002997832 0.0022659264 0.0002169708 0.3373431134 0.3770112087 0.3923506358 0.0046361379 0.0661391443 0.9441372997 0.0274751267 0.0000841639 0.000000224894 0.000000216795 0.0002440077 0.0002726535 0.0060645381 0.0864980067 0.0001100568 0.0001057793 0.0864664237 0.0060584496 0.8588364362 0.9542107554 0.4041860312 0.2445799804 0.000000 0.000000 0.000000 0.000000 0.000000 0.000000 0.000000 0.000000 0.000000 0.000000 0.000000 0.000000 0.000000 0.000000 0.000000 0.000000 0.000000 0.000000 0.000000 0.000000 0.000000 0.9000490000 
38 0.0000297752 0.0002997776 0.0022651350 0.0002225414 0.3170454887 0.3729731909 0.4166837312 0.0041246347 0.0625213681 0.9482504305 0.0274647421 0.0000825961 0.000000224816 0.000000222358 0.0002352157 0.0002766607 0.0057300194 0.0868382894 0.0001147064 0.0001026975 0.0868104349 0.0057248230 0.8625507211 0.9583375140 0.4244722887 0.2448424270 0.000000 0.000000 0.000000 0.000000 0.000000 0.000000 0.000000 0.000000 0.000000 0.000000 0.000000 0.000000 0.000000 0.000000 0.000000 0.000000 0.000000 0.000000 0.000000 0.000000 0.000000 0.9000490000 
39 0.0000297752 0.0002997721 0.0022651828 0.0002280989 0.2976122634 0.3682114901 0.4408779582 0.0036962470 0.0592975747 0.9518890582 0.0274560518 0.0000811490 0.000000224821 0.000000227907 0.0002263131 0.0002799524 0.0054323446 0.0871408272 0.0001192408 0.0000996102 0.0871160879 0.0054278603 0.8658376218 0.9619894270 0.4446419756 0.2448250942 0.000000 0.000000 0.000000 0.000000 0.000000 0.000000 0.000000 0.000000 0.000000 0.000000 0.000000 0.000000 0.000000 0.000000 0.000000 0.000000 0.000000 0.000000 0.000000 0.000000 0.000000 0.9000490000 
40 0.0000297751 0.0002997666 0.0022660545 0.0002336229 0.2790566172 0.3628006313 0.4648454839 0.0033339500 0.0564140301 0.9551235081 0.0274487049 0.0000798134 0.000000224906 0.000000233423 0.0002173433 0.0002825209 0.0051663687 0.0874108480 0.0001236551 0.0000965315 0.0873888178 0.0051624773 0.8687602716 0.9652366389 0.4646219631 0.2445330874 0.000000 0.000000 0.000000 0.000000 0.000000 0.000000 0.000000 0.000000 0.000000 0.000000 0.000000 0.000000 0.000000 0.000000 0.000000 0.000000 0.000000 0.000000 0.000000 0.000000 0.000000 0.9000490000 
41 0.0000297749 0.0002997611 0.0022677307 0.0002390885 0.2613888690 0.3568235256 0.4884927164 0.0030253556 0.0538297380 0.9580066040 0.0274424518 0.0000785819 0.000000225071 0.000000238880 0.0002083472 0.0002843696 0.0049282550 0.0876524992 0.0001279417 0.0000934764 0.0876327339 0.0049248143 0.8713661149 0.9681318628 0.4843345102 0.2439728379 0.000000 0.000000 0.000000 0.000000 0.000000 0.000000 0.000000 0.000000 0.000000 0.000000 0.000000 0.000000 0.000000 0.000000 0.000000 0.000000 0.000000 0.000000 0.000000 0.000000 0.000000 0.9000490000 
42 0.0000297747 0.0002997557 0.0022701886 0.0002444691 0.2446142317 0.3503635115 0.5117315512 0.0027640641 0.0515133680 0.9605764380 0.0274371501 0.0000774473 0.000000225313 0.000000244252 0.0001993652 0.0002855076 0.0047148651 0.0878684149 0.0001320937 0.0000904590 0.0878509108 0.0047119391 0.8736894573 0.9707132137 0.5037057708 0.2431520000 0.000000 0.000000 0.000000 0.000000 0.000000 0.000000 0.000000 0.000000 0.000000 0.000000 0.000000 0.000000 0.000000 0.000000 0.000000 0.000000 0.000000 0.000000 0.000000 0.000000 0.000000 0.9000490000 
43 0.0000297744 0.0002997505 0.0022734021 0.0002497347 0.2287341219 0.3435037661 0.5344764342 0.0025390560 0.0494299503 0.9628778924 0.0274325910 0.0000764028 0.000000225629 0.000000249510 0.0001904391 0.0002859490 0.0045231517 0.0880625407 0.0001361052 0.0000874920 0.0880468307 0.0045205783 0.8757706026 0.9730254715 0.5226651932 0.2420792771 0.000000 0.000000 0.000000 0.000000 0.000000 0.000000 0.000000 0.000000 0.000000 0.000000 0.000000 0.000000 0.000000 0.000000 0.000000 0.000000 0.000000 0.000000 0.000000 0.000000 0.000000 0.9000490000 
44 0.0000297740 0.0002997454 0.0022773405 0.0002548535 0.2137455883 0.3363282368 0.5566464229 0.0023437741 0.0475547020 0.9649422917 0.0274286369 0.0000754425 0.000000226017 0.000000254620 0.0001816086 0.0002857167 0.0043507352 0.0882371339 0.0001399699 0.0000845876 0.0882229524 0.0043484107 0.8776377034 0.9750999150 0.5411452183 0.2407648565 0.000000 0.000000 0.000000 0.000000 0.000000 0.000000 0.000000 0.000000 0.000000 0.000000 0.000000 0.000000 0.000000 0.000000 0.000000 0.000000 0.000000 0.000000 0.000000 0.000000 0.000000 0.9000490000 
45 0.0000297735 0.0002997404 0.0022819692 0.0002597918 0.1996417012 0.3289204111 0.5781652094 0.0021767274 0.0458663756 0.9667926620 0.0274252507 0.0000745604 0.000000226473 0.000000259551 0.0001729130 0.0002848400 0.0041955124 0.0883939733 0.0001436821 0.0000817575 0.0883812696 0.0041934797 0.8793116096 0.9769597095 0.5590819810 0.2392203513 0.000000 0.000000 0.000000 0.000000 0.000000 0.000000 0.000000 0.000000 0.000000 0.000000 0.000000 0.000000 0.000000 0.000000 0.000000 0.000000 0.000000 0.000000 0.000000 0.000000 0.000000 0.9000490000 
46 0.0000297730 0.0002997357 0.0022872484 0.0002645147 0.1864111785 0.3213620120 0.5989619304 0.0020312334 0.0443446316 0.9684555517 0.0274223017 0.0000737515 0.000000226992 0.000000264266 0.0001643898 0.0002833559 0.0040556652 0.0885352198 0.0001472363 0.0000790121 0.0885238169 0.0040538814 0.8808161405 0.9786313195 0.5764167097 0.2374589983 0.000000 0.000000 0.000000 0.000000 0.000000 0.000000 0.000000 0.000000 0.000000 0.000000 0.000000 0.000000 0.000000 0.000000 0.000000 0.000000 0.000000 0.000000 0.000000 0.000000 0.000000 0.9000490000 
47 0.0000297724 0.0002997313 0.0022931341 0.0002689872 0.1740389844 0.3137320922 0.6189724536 0.0019045215 0.0429726526 0.9699504616 0.0274197339 0.0000730108 0.000000227572 0.000000268732 0.0001560749 0.0002813075 0.0039296403 0.0886624579 0.0001506278 0.0000763614 0.0886522055 0.0039280606 0.8821688892 0.9801342919 0.5930959830 0.2354954841 0.000000 0.000000 0.000000 0.000000 0.000000 0.000000 0.000000 0.000000 0.000000 0.000000 0.000000 0.000000 0.000000 0.000000 0.000000 0.000000 0.000000 0.000000 0.000000 0.000000 0.000000 0.9000490000 
48 0.0000297718 0.0002997271 0.0022995776 0.0002731751 0.1625060349 0.3061057159 0.6381406814 0.0017937407 0.0417357111 0.9712948823 0.0274174892 0.0000723335 0.000000228206 0.000000272913 0.0001480019 0.0002787443 0.0038160656 0.0887770895 0.0001538526 0.0000738139 0.0887678575 0.0038146533 0.8833856165 0.9814861375 0.6090730743 0.2333460843 0.000000 0.000000 0.000000 0.000000 0.000000 0.000000 0.000000 0.000000 0.000000 0.000000 0.000000 0.000000 0.000000 0.000000 0.000000 0.000000 0.000000 0.000000 0.000000 0.000000 0.000000 0.9000490000 
49 0.0000297711 0.0002997232 0.0023065259 0.0002770459 0.1517898566 0.2985534267 0.6564184503 0.0016967202 0.0406207390 0.9725040049 0.0274155232 0.0000717152 0.000000228890 0.000000276778 0.0001402015 0.0002757210 0.0037137192 0.0888803399 0.0001569074 0.0000713774 0.0888720252 0.0037124516 0.8844800251 0.9827020807 0.6243078474 0.2310284083 0.000000 0.000000 0.000000 0.000000 0.000000 0.000000 0.000000 0.000000 0.000000 0.000000 0.000000 0.000000 0.000000 0.000000 0.000000 0.000000 0.000000 0.000000 0.000000 0.000000 0.000000 0.9000490000 
50 0.0000297704 0.0002997197 0.0023139225 0.0002805703 0.1418645389 0.2911400125 0.6737668208 0.0016127287 0.0396161844 0.9735901249 0.0274138202 0.0000711519 0.000000229619 0.000000280297 0.0001327011 0.0002722962 0.0036215238 0.0889732585 0.0001597900 0.0000690581 0.0889657845 0.0036203953 0.8854632578 0.9837945021 0.6387678276 0.2285613929 0.000000 0.000000 0.000000 0.000000 0.000000 0.000000 0.000000 0.000000 0.000000 0.000000 0.000000 0.000000 0.000000 0.000000 0.000000 0.000000 0.000000 0.000000 0.000000 0.000000 0.000000 0.9000490000 
51 0.0000297696 0.0002997166 0.0023217061 0.0002837225 0.1327007683 0.2839248631 0.6901555776 0.0015377218 0.0387116822 0.9745675215 0.0274122984 0.0000706396 0.000000230385 0.000000283445 0.0001255246 0.0002685330 0.0035384950 0.0890568779 0.0001624989 0.0000668615 0.0890501864 0.0035375152 0.8863480900 0.9847775954 0.6524278745 0.2259653956 0.000000 0.000000 0.000000 0.000000 0.000000 0.000000 0.000000 0.000000 0.000000 0.000000 0.000000 0.000000 0.000000 0.000000 0.000000 0.000000 0.000000 0.000000 0.000000 0.000000 0.000000 0.9000490000 
52 0.0000297688 0.0002997138 0.0023298062 0.0002864856 0.1242629895 0.2769638465 0.7055642642 0.0014727780 0.0378981434 0.9754441762 0.0274109809 0.0000701742 0.000000231183 0.000000286204 0.0001186888 0.0002645020 0.0034638572 0.0891320261 0.0001650335 0.0000647923 0.0891260332 0.0034629859 0.8871418412 0.9856594932 0.6652709841 0.2232639892 0.000000 0.000000 0.000000 0.000000 0.000000 0.000000 0.000000 0.000000 0.000000 0.000000 0.000000 0.000000 0.000000 0.000000 0.000000 0.000000 0.000000 0.000000 0.000000 0.000000 0.000000 0.9000490000 
53 0.0000297680 0.0002997114 0.0023381656 0.0002888450 0.1165211270 0.2702945582 0.7199852375 0.0014152261 0.0371666033 0.9762316236 0.0274098140 0.0000697525 0.000000232006 0.000000288560 0.0001122109 0.0002602579 0.0033967600 0.0891996010 0.0001673957 0.0000628518 0.0891942094 0.0033959766 0.8878548609 0.9864516941 0.6772908285 0.2204762050 0.000000 0.000000 0.000000 0.000000 0.000000 0.000000 0.000000 0.000000 0.000000 0.000000 0.000000 0.000000 0.000000 0.000000 0.000000 0.000000 0.000000 0.000000 0.000000 0.000000 0.000000 0.9000490000 
54 0.0000297672 0.0002997095 0.0023467228 0.0002907904 0.1094415040 0.2639515470 0.7334176562 0.0013648078 0.0365109620 0.9769363199 0.0274087902 0.0000693712 0.000000232848 0.000000290503 0.0001061028 0.0002558607 0.0033366147 0.0892600858 0.0001695876 0.0000610412 0.0892552837 0.0033359262 0.8884930030 0.9871607023 0.6884866202 0.2176225750 0.000000 0.000000 0.000000 0.000000 0.000000 0.000000 0.000000 0.000000 0.000000 0.000000 0.000000 0.000000 0.000000 0.000000 0.000000 0.000000 0.000000 0.000000 0.000000 0.000000 0.000000 0.9000490000 
55 0.0000297663 0.0002997080 0.0023554128 0.0002923183 0.1029876241 0.2579637793 0.7458688210 0.0013202036 0.0359234035 0.9775672187 0.0274078857 0.0000690275 0.000000233704 0.000000292029 0.0001003693 0.0002513739 0.0032827392 0.0893143207 0.0001716118 0.0000593607 0.0893099965 0.0032821178 0.8890643460 0.9877954934 0.6988645772 0.2147247955 0.000000 0.000000 0.000000 0.000000 0.000000 0.000000 0.000000 0.000000 0.000000 0.000000 0.000000 0.000000 0.000000 0.000000 0.000000 0.000000 0.000000 0.000000 0.000000 0.000000 0.000000 0.9000490000 
56 0.0000297654 0.0002997069 0.0023641704 0.0002934373 0.0971211984 0.2523538510 0.7573545171 0.0012811744 0.0353981961 0.9781304353 0.0274070925 0.0000687178 0.000000234566 0.000000293147 0.0000950150 0.0002468496 0.0032345662 0.0893627205 0.0001734732 0.0000578090 0.0893588846 0.0032340229 0.8895744332 0.9883622261 0.7084377308 0.2118045594 0.000000 0.000000 0.000000 0.000000 0.000000 0.000000 0.000000 0.000000 0.000000 0.000000 0.000000 0.000000 0.000000 0.000000 0.000000 0.000000 0.000000 0.000000 0.000000 0.000000 0.000000 0.9000490000 
57 0.0000297646 0.0002997061 0.0023729374 0.0002941579 0.0918064812 0.2471357786 0.7678962978 0.0012469721 0.0349294413 0.9786324779 0.0274063979 0.0000684396 0.000000235429 0.000000293868 0.0000900361 0.0002423394 0.0031915849 0.0894059217 0.0001751763 0.0000563841 0.0894024996 0.0031911025 0.8900291479 0.9888674371 0.7172241505 0.2088812978 0.000000 0.000000 0.000000 0.000000 0.000000 0.000000 0.000000 0.000000 0.000000 0.000000 0.000000 0.000000 0.000000 0.000000 0.000000 0.000000 0.000000 0.000000 0.000000 0.000000 0.000000 0.9000490000 
58 0.0000297637 0.0002997058 0.0023816561 0.0002944972 0.0870066923 0.2423178620 0.7775226292 0.0012167249 0.0345117877 0.9790795803 0.0274057835 0.0000681903 0.000000236287 0.000000294208 0.0000854270 0.0002378892 0.0031532910 0.0894443995 0.0001767265 0.0000550832 0.0894413543 0.0031528622 0.8904341122 0.9893173730 0.7252475386 0.2059742115 0.000000 0.000000 0.000000 0.000000 0.000000 0.000000 0.000000 0.000000 0.000000 0.000000 0.000000 0.000000 0.000000 0.000000 0.000000 0.000000 0.000000 0.000000 0.000000 0.000000 0.000000 0.9000490000 
59 0.0000297629 0.0002997058 0.0023902725 0.0002944785 0.0826853892 0.2379022980 0.7862677343 0.0011902027 0.0341410694 0.9794761440 0.0274052442 0.0000679673 0.000000237135 0.000000294190 0.0000811785 0.0002335392 0.0031192982 0.0894785300 0.0001781303 0.0000539024 0.0894758348 0.0031189210 0.8907933157 0.9897164662 0.7325364106 0.2031013747 0.000000 0.000000 0.000000 0.000000 0.000000 0.000000 0.000000 0.000000 0.000000 0.000000 0.000000 0.000000 0.000000 0.000000 0.000000 0.000000 0.000000 0.000000 0.000000 0.000000 0.000000 0.9000490000 
60 0.0000297620 0.0002997062 0.0023987340 0.0002941314 0.0788050782 0.2338852777 0.7941728664 0.0011669898 0.0338125503 0.9798272888 0.0274047721 0.0000677683 0.000000237968 0.000000293845 0.0000772776 0.0002293252 0.0030891773 0.0895087660 0.0001793950 0.0000528367 0.0895063828 0.0030888451 0.8911113930 0.9900698662 0.7391251705 0.2002802251 0.000000 0.000000 0.000000 0.000000 0.000000 0.000000 0.000000 0.000000 0.000000 0.000000 0.000000 0.000000 0.000000 0.000000 0.000000 0.000000 0.000000 0.000000 0.000000 0.000000 0.000000 0.9000490000 
61 0.0000297612 0.0002997068 0.0024069991 0.0002934859 0.0753334347 0.2302585947 0.8012785368 0.0011465096 0.0335220239 0.9801377801 0.0274043556 0.0000675912 0.000000238781 0.000000293202 0.0000737100 0.0002252730 0.0030625410 0.0895355010 0.0001805277 0.0000518811 0.0895333969 0.0030622475 0.8913926475 0.9903823542 0.7450475887 0.1975246745 0.000000 0.000000 0.000000 0.000000 0.000000 0.000000 0.000000 0.000000 0.000000 0.000000 0.000000 0.000000 0.000000 0.000000 0.000000 0.000000 0.000000 0.000000 0.000000 0.000000 0.000000 0.9000490000 
62 0.0000297604 0.0002997077 0.0024150283 0.0002925694 0.0722374709 0.2270105409 0.8076294297 0.0011286750 0.0332660849 0.9804111108 0.0274039927 0.0000674339 0.000000239572 0.000000292288 0.0000704652 0.0002214052 0.0030390756 0.0895590464 0.0001815365 0.0000510296 0.0895571896 0.0030388177 0.8916402503 0.9906574534 0.7503409068 0.1948478205 0.000000 0.000000 0.000000 0.000000 0.000000 0.000000 0.000000 0.000000 0.000000 0.000000 0.000000 0.000000 0.000000 0.000000 0.000000 0.000000 0.000000 0.000000 0.000000 0.000000 0.000000 0.9000490000 
63 0.0000297597 0.0002997088 0.0024227888 0.0002914307 0.0694866402 0.2241253277 0.8132719857 0.0011136053 0.0330442459 0.9806477407 0.0274036842 0.0000672950 0.000000240335 0.000000291152 0.0000675127 0.0002177364 0.0030187218 0.0895793705 0.0001824277 0.0000502773 0.0895778068 0.0030185090 0.8918546229 0.9908956322 0.7550437548 0.1922606467 0.000000 0.000000 0.000000 0.000000 0.000000 0.000000 0.000000 0.000000 0.000000 0.000000 0.000000 0.000000 0.000000 0.000000 0.000000 0.000000 0.000000 0.000000 0.000000 0.000000 0.000000 0.9000490000 
64 0.0000297589 0.0002997102 0.0024302514 0.0002900947 0.0670501790 0.2215834019 0.8182562670 0.0011001883 0.0328493474 0.9808556750 0.0274034122 0.0000671723 0.000000241070 0.000000289819 0.0000648447 0.0002142783 0.0030008672 0.0895973344 0.0001832114 0.0000496163 0.0895959179 0.0030006698 0.8920429941 0.9911049222 0.7591980666 0.1897728080 0.000000 0.000000 0.000000 0.000000 0.000000 0.000000 0.000000 0.000000 0.000000 0.000000 0.000000 0.000000 0.000000 0.000000 0.000000 0.000000 0.000000 0.000000 0.000000 0.000000 0.000000 0.9000490000 
65 0.0000297582 0.0002997117 0.0024373950 0.0002885959 0.0649012338 0.2193657876 0.8226283705 0.0010887009 0.0326804164 0.9810358665 0.0274031773 0.0000670644 0.000000241773 0.000000288324 0.0000624417 0.0002110374 0.0029853705 0.0896128230 0.0001838950 0.0000490406 0.0896116176 0.0029852051 0.8922062367 0.9912862930 0.7628420492 0.1873914257 0.000000 0.000000 0.000000 0.000000 0.000000 0.000000 0.000000 0.000000 0.000000 0.000000 0.000000 0.000000 0.000000 0.000000 0.000000 0.000000 0.000000 0.000000 0.000000 0.000000 0.000000 0.9000490000 
66 0.0000297576 0.0002997133 0.0024442026 0.0002869686 0.0630142948 0.2174516031 0.8264345678 0.0010788370 0.0325347375 0.9811911968 0.0274029760 0.0000669700 0.000000242443 0.000000286700 0.0000602839 0.0002080157 0.0029720124 0.0896261923 0.0001844860 0.0000485439 0.0896251543 0.0029718698 0.8923469592 0.9914426428 0.7660143821 0.1851220731 0.000000 0.000000 0.000000 0.000000 0.000000 0.000000 0.000000 0.000000 0.000000 0.000000 0.000000 0.000000 0.000000 0.000000 0.000000 0.000000 0.000000 0.000000 0.000000 0.000000 0.000000 0.9000490000 
67 0.0000297569 0.0002997150 0.0024506623 0.0002852438 0.0613654452 0.2158190187 0.8297206557 0.0010704321 0.0324100249 0.9813241448 0.0274028041 0.0000668877 0.000000243078 0.000000284979 0.0000583532 0.0002052126 0.0029605749 0.0896376274 0.0001849922 0.0000481201 0.0896367424 0.0029604535 0.8924674060 0.9915764653 0.7687532085 0.1829687386 0.000000 0.000000 0.000000 0.000000 0.000000 0.000000 0.000000 0.000000 0.000000 0.000000 0.000000 0.000000 0.000000 0.000000 0.000000 0.000000 0.000000 0.000000 0.000000 0.000000 0.000000 0.9000490000 
68 0.0000297563 0.0002997168 0.0024567667 0.0002834516 0.0599313572 0.2144446348 0.8325333774 0.0010633141 0.0323040227 0.9814371298 0.0274026585 0.0000668163 0.000000243679 0.000000283190 0.0000566309 0.0002026239 0.0029508523 0.0896473396 0.0001854214 0.0000477624 0.0896465916 0.0029507499 0.8925697678 0.9916901945 0.7710974923 0.1809339285 0.000000 0.000000 0.000000 0.000000 0.000000 0.000000 0.000000 0.000000 0.000000 0.000000 0.000000 0.000000 0.000000 0.000000 0.000000 0.000000 0.000000 0.000000 0.000000 0.000000 0.000000 0.9000490000 
69 0.0000297558 0.0002997186 0.0024625131 0.0002816210 0.0586887363 0.2133029432 0.8349215601 0.0010573253 0.0322145566 0.9815324793 0.0274025357 0.0000667545 0.000000244245 0.000000281363 0.0000550977 0.0002002425 0.0029426453 0.0896555293 0.0001857816 0.0000474640 0.0896549044 0.0029425598 0.8926561531 0.9917861729 0.7730879302 0.1790184504 0.000000 0.000000 0.000000 0.000000 0.000000 0.000000 0.000000 0.000000 0.000000 0.000000 0.000000 0.000000 0.000000 0.000000 0.000000 0.000000 0.000000 0.000000 0.000000 0.000000 0.000000 0.9000490000 
70 0.0000297552 0.0002997205 0.0024679026 0.0002797669 0.0576254149 0.2123798867 0.8369114421 0.0010523777 0.0321404303 0.9816114743 0.0274024342 0.0000667017 0.000000244775 0.000000279512 0.0000537431 0.0001980630 0.0029358443 0.0896623076 0.0001860772 0.0000472211 0.0896617920 0.0029357738 0.8927277220 0.9918656895 0.7747463926 0.1772220054 0.000000 0.000000 0.000000 0.000000 0.000000 0.000000 0.000000 0.000000 0.000000 0.000000 0.000000 0.000000 0.000000 0.000000 0.000000 0.000000 0.000000 0.000000 0.000000 0.000000 0.000000 0.9000490000 
71 0.0000297547 0.0002997223 0.0024729382 0.0002779134 0.0567217097 0.2116521790 0.8385460157 0.0010483236 0.0320796471 0.9816762531 0.0274023508 0.0000666569 0.000000245270 0.000000277662 0.0000525495 0.0001960760 0.0029302666 0.0896678605 0.0001863157 0.0000470274 0.0896674401 0.0029302091 0.8927864110 0.9919308960 0.7761087154 0.1755435539 0.000000 0.000000 0.000000 0.000000 0.000000 0.000000 0.000000 0.000000 0.000000 0.000000 0.000000 0.000000 0.000000 0.000000 0.000000 0.000000 0.000000 0.000000 0.000000 0.000000 0.000000 0.9000490000 
72 0.0000297543 0.0002997242 0.0024776268 0.0002760769 0.0559623688 0.2111004261 0.8398599541 0.0010450905 0.0320310348 0.9817280633 0.0274022841 0.0000666193 0.000000245732 0.000000275829 0.0000515030 0.0001942718 0.0029258039 0.0896722916 0.0001865025 0.0000468782 0.0896719577 0.0029257582 0.8928333508 0.9919830485 0.7772037935 0.1739807912 0.000000 0.000000 0.000000 0.000000 0.000000 0.000000 0.000000 0.000000 0.000000 0.000000 0.000000 0.000000 0.000000 0.000000 0.000000 0.000000 0.000000 0.000000 0.000000 0.000000 0.000000 0.9000490000 
73 0.0000297538 0.0002997260 0.0024819753 0.0002742745 0.0553314305 0.2107045305 0.8408893402 0.0010425827 0.0319931868 0.9817684058 0.0274022321 0.0000665881 0.000000246160 0.000000274030 0.0000505892 0.0001926408 0.0029223271 0.0896757297 0.0001866436 0.0000467683 0.0896754754 0.0029222925 0.8928699010 0.9920236576 0.7780617005 0.1725314257 0.000000 0.000000 0.000000 0.000000 0.000000 0.000000 0.000000 0.000000 0.000000 0.000000 0.000000 0.000000 0.000000 0.000000 0.000000 0.000000 0.000000 0.000000 0.000000 0.000000 0.000000 0.9000490000 
74 0.0000297534 0.0002997277 0.0024859960 0.0002725176 0.0548153455 0.2104459841 0.8416662442 0.0010406861 0.0319646063 0.9817988790 0.0274021926 0.0000665625 0.000000246555 0.000000272276 0.0000497960 0.0001911716 0.0029197008 0.0896783205 0.0001867445 0.0000466930 0.0896781323 0.0029196751 0.8928975094 0.9920543320 0.7787091749 0.1711913408 0.000000 0.000000 0.000000 0.000000 0.000000 0.000000 0.000000 0.000000 0.000000 0.000000 0.000000 0.000000 0.000000 0.000000 0.000000 0.000000 0.000000 0.000000 0.000000 0.000000 0.000000 0.9000490000 
75 0.0000297531 0.0002997294 0.0024896999 0.0002708178 0.0544009108 0.2103072024 0.8422214789 0.0010393288 0.0319441699 0.9818206803 0.0274021641 0.0000665420 0.000000246920 0.000000270579 0.0000491110 0.0001898537 0.0029178211 0.0896801641 0.0001868102 0.0000466477 0.0896800328 0.0029178031 0.8929172609 0.9920762768 0.7791718953 0.1699568399 0.000000 0.000000 0.000000 0.000000 0.000000 0.000000 0.000000 0.000000 0.000000 0.000000 0.000000 0.000000 0.000000 0.000000 0.000000 0.000000 0.000000 0.000000 0.000000 0.000000 0.000000 0.9000490000 
76 0.0000297527 0.0002997311 0.0024931011 0.0002691832 0.0540766219 0.2102720867 0.8425826751 0.0010384548 0.0319309396 0.9818348081 0.0274021454 0.0000665260 0.000000247254 0.000000268947 0.0000485234 0.0001886760 0.0029166012 0.0896813418 0.0001868454 0.0000466286 0.0896812640 0.0029165906 0.8929300601 0.9920904974 0.7794728861 0.1688232688 0.000000 0.000000 0.000000 0.000000 0.000000 0.000000 0.000000 0.000000 0.000000 0.000000 0.000000 0.000000 0.000000 0.000000 0.000000 0.000000 0.000000 0.000000 0.000000 0.000000 0.000000 0.9000490000 
77 0.0000297524 0.0002997326 0.0024962148 0.0002676182 0.0538330105 0.2103272227 0.8427727265 0.0010379911 0.0319239586 0.9818422831 0.0274021351 0.0000665140 0.000000247561 0.000000267385 0.0000480239 0.0001876282 0.0029159545 0.0896819477 0.0001868537 0.0000466323 0.0896819149 0.0029159501 0.8929368317 0.9920980210 0.7796312354 0.1677855668 0.000000 0.000000 0.000000 0.000000 0.000000 0.000000 0.000000 0.000000 0.000000 0.000000 0.000000 0.000000 0.000000 0.000000 0.000000 0.000000 0.000000 0.000000 0.000000 0.000000 0.000000 0.9000490000 
78 0.0000297522 0.0002997341 0.0024990550 0.0002661289 0.0536596898 0.2104581746 0.8428164758 0.0010378775 0.0319223078 0.9818440839 0.0274021319 0.0000665054 0.000000247840 0.000000265898 0.0000476026 0.0001866998 0.0029157968 0.0896820658 0.0001868394 0.0000466553 0.0896820706 0.0029157974 0.8929384621 0.9920998325 0.7796676483 0.1668389917 0.000000 0.000000 0.000000 0.000000 0.000000 0.000000 0.000000 0.000000 0.000000 0.000000 0.000000 0.000000 0.000000 0.000000 0.000000 0.000000 0.000000 0.000000 0.000000 0.000000 0.000000 0.9000490000 
79 0.0000297519 0.0002997355 0.0025016378 0.0002647164 0.0535488531 0.2106538727 0.8427328199 0.0010380799 0.0319253702 0.9818408643 0.0274021352 0.0000664999 0.000000248094 0.000000264488 0.0000472520 0.0001858813 0.0029160709 0.0896817499 0.0001868054 0.0000466947 0.0896817886 0.0029160762 0.8929355441 0.9920965904 0.7795978718 0.1659782432 0.000000 0.000000 0.000000 0.000000 0.000000 0.000000 0.000000 0.000000 0.000000 0.000000 0.000000 0.000000 0.000000 0.000000 0.000000 0.000000 0.000000 0.000000 0.000000 0.000000 0.000000 0.9000490000 
80 0.0000297517 0.0002997368 0.0025039783 0.0002633824 0.0534926244 0.2109033921 0.8425405734 0.0010385459 0.0319324168 0.9818334019 0.0274021439 0.0000664970 0.000000248324 0.000000263156 0.0000469643 0.0001851635 0.0029167104 0.0896810689 0.0001867550 0.0000467480 0.0896811365 0.0029167196 0.8929287820 0.9920890773 0.7794375897 0.1651982517 0.000000 0.000000 0.000000 0.000000 0.000000 0.000000 0.000000 0.000000 0.000000 0.000000 0.000000 0.000000 0.000000 0.000000 0.000000 0.000000 0.000000 0.000000 0.000000 0.000000 0.000000 0.9000490000 
81 0.0000297515 0.0002997381 0.0025060919 0.0002621276 0.0534837907 0.2111967422 0.8422569538 0.0010392302 0.0319427998 0.9818223873 0.0274021571 0.0000664966 0.000000248532 0.000000261903 0.0000467327 0.0001845374 0.0029176561 0.0896800836 0.0001866908 0.0000468126 0.0896801745 0.0029176685 0.8929188015 0.9920779886 0.7792011536 0.1644938727 0.000000 0.000000 0.000000 0.000000 0.000000 0.000000 0.000000 0.000000 0.000000 0.000000 0.000000 0.000000 0.000000 0.000000 0.000000 0.000000 0.000000 0.000000 0.000000 0.000000 0.000000 0.9000490000 
82 0.0000297513 0.0002997393 0.0025079936 0.0002609506 0.0535164560 0.2115260424 0.8418957536 0.0010401074 0.0319560575 0.9818083094 0.0274021742 0.0000664981 0.000000248719 0.000000260728 0.0000465512 0.0001839951 0.0029188654 0.0896788345 0.0001866152 0.0000468867 0.0896789454 0.0029188805 0.8929060457 0.9920638161 0.7789000572 0.1638601307 0.000000 0.000000 0.000000 0.000000 0.000000 0.000000 0.000000 0.000000 0.000000 0.000000 0.000000 0.000000 0.000000 0.000000 0.000000 0.000000 0.000000 0.000000 0.000000 0.000000 0.000000 0.9000490000 
83 0.0000297511 0.0002997404 0.0025096983 0.0002598509 0.0535843706 0.2118828718 0.8414716563 0.0010411404 0.0319716469 0.9817917467 0.0274021945 0.0000665014 0.000000248887 0.000000259630 0.0000464138 0.0001835285 0.0029202885 0.0896773720 0.0001865305 0.0000469681 0.0896774996 0.0029203059 0.8928910386 0.9920471426 0.7785465393 0.1632920878 0.000000 0.000000 0.000000 0.000000 0.000000 0.000000 0.000000 0.000000 0.000000 0.000000 0.000000 0.000000 0.000000 0.000000 0.000000 0.000000 0.000000 0.000000 0.000000 0.000000 0.000000 0.9000490000 
84 0.0000297510 0.0002997414 0.0025112200 0.0002588264 0.0536824744 0.2122607067 0.8409962562 0.0010422976 0.0319891288 0.9817731680 0.0274022173 0.0000665062 0.000000249037 0.000000258607 0.0000463153 0.0001831307 0.0029218855 0.0896757374 0.0001864385 0.0000470552 0.0896758780 0.0029219046 0.8928742050 0.9920284396 0.7781502647 0.1627849993 0.000000 0.000000 0.000000 0.000000 0.000000 0.000000 0.000000 0.000000 0.000000 0.000000 0.000000 0.000000 0.000000 0.000000 0.000000 0.000000 0.000000 0.000000 0.000000 0.000000 0.000000 0.9000490000 
85 0.0000297508 0.0002997423 0.0025125719 0.0002578743 0.0538064901 0.2126542932 0.8404790957 0.0010435599 0.0320081771 0.9817529190 0.0274022424 0.0000665123 0.000000249170 0.000000257656 0.0000462516 0.0001827954 0.0029236262 0.0896739600 0.0001863409 0.0000471468 0.0896741108 0.0029236468 0.8928558582 0.9920080553 0.7777191857 0.1623345081 0.000000 0.000000 0.000000 0.000000 0.000000 0.000000 0.000000 0.000000 0.000000 0.000000 0.000000 0.000000 0.000000 0.000000 0.000000 0.000000 0.000000 0.000000 0.000000 0.000000 0.000000 0.9000490000 
86 0.0000297507 0.0002997432 0.0025137676 0.0002569923 0.0539517545 0.2130577531 0.8399307273 0.0010449035 0.0320284161 0.9817313990 0.0274022691 0.0000665194 0.000000249288 0.000000256775 0.0000462180 0.0001825161 0.0029254763 0.0896720742 0.0001862393 0.0000472413 0.0896722329 0.0029254980 0.8928363599 0.9919863918 0.7772620976 0.1619360937 0.000000 0.000000 0.000000 0.000000 0.000000 0.000000 0.000000 0.000000 0.000000 0.000000 0.000000 0.000000 0.000000 0.000000 0.000000 0.000000 0.000000 0.000000 0.000000 0.000000 0.000000 0.9000490000 
87 0.0000297506 0.0002997440 0.0025148201 0.0002561778 0.0541139865 0.2134658188 0.8393607097 0.0010463052 0.0320494966 0.9817089797 0.0274022970 0.0000665274 0.000000249391 0.000000255962 0.0000462102 0.0001822866 0.0029274037 0.0896701119 0.0001861351 0.0000473375 0.0896702767 0.0029274262 0.8928160470 0.9919638231 0.7767869670 0.1615854141 0.000000 0.000000 0.000000 0.000000 0.000000 0.000000 0.000000 0.000000 0.000000 0.000000 0.000000 0.000000 0.000000 0.000000 0.000000 0.000000 0.000000 0.000000 0.000000 0.000000 0.000000 0.9000490000 
88 0.0000297505 0.0002997448 0.0025157402 0.0002554277 0.0542904836 0.2138757472 0.8387744951 0.0010477467 0.0320711843 0.9816859122 0.0274023258 0.0000665361 0.000000249482 0.000000255213 0.0000462253 0.0001821021 0.0029293871 0.0896680955 0.0001860294 0.0000474346 0.0896682641 0.0029294101 0.8927951469 0.9919406020 0.7762983393 0.1612788426 0.000000 0.000000 0.000000 0.000000 0.000000 0.000000 0.000000 0.000000 0.000000 0.000000 0.000000 0.000000 0.000000 0.000000 0.000000 0.000000 0.000000 0.000000 0.000000 0.000000 0.000000 0.9000490000 
89 0.0000297504 0.0002997455 0.0025165404 0.0002547392 0.0544774002 0.2142829684 0.8381805084 0.0010492070 0.0320931653 0.9816625308 0.0274023550 0.0000665452 0.000000249560 0.000000254525 0.0000462595 0.0001819569 0.0029313978 0.0896660541 0.0001859233 0.0000475314 0.0896662240 0.0029314210 0.8927739624 0.9919170649 0.7758032363 0.1610122224 0.000000 0.000000 0.000000 0.000000 0.000000 0.000000 0.000000 0.000000 0.000000 0.000000 0.000000 0.000000 0.000000 0.000000 0.000000 0.000000 0.000000 0.000000 0.000000 0.000000 0.000000 0.9000490000 
90 0.0000297504 0.0002997461 0.0025172311 0.0002541089 0.0546721180 0.2146847863 0.8375840715 0.0010506757 0.0321152604 0.9816390258 0.0274023844 0.0000665548 0.000000249628 0.000000253896 0.0000463098 0.0001818466 0.0029334191 0.0896640034 0.0001858178 0.0000476274 0.0896641733 0.0029334423 0.8927526659 0.9918934034 0.7753060932 0.1607820982 0.000000 0.000000 0.000000 0.000000 0.000000 0.000000 0.000000 0.000000 0.000000 0.000000 0.000000 0.000000 0.000000 0.000000 0.000000 0.000000 0.000000 0.000000 0.000000 0.000000 0.000000 0.9000490000 
91 0.0000297503 0.0002997467 0.0025178221 0.0002535335 0.0548723832 0.2150790693 0.8369895768 0.0010521450 0.0321373267 0.9816155481 0.0274024138 0.0000665647 0.000000249686 0.000000253321 0.0000463740 0.0001817674 0.0029354380 0.0896619560 0.0001857134 0.0000477219 0.0896621251 0.0029354611 0.8927313943 0.9918697697 0.7748105702 0.1605852081 0.000000 0.000000 0.000000 0.000000 0.000000 0.000000 0.000000 0.000000 0.000000 0.000000 0.000000 0.000000 0.000000 0.000000 0.000000 0.000000 0.000000 0.000000 0.000000 0.000000 0.000000 0.9000490000 
92 0.0000297503 0.0002997472 0.0025183233 0.0002530093 0.0550759840 0.2154637810 0.8364012787 0.0010536047 0.0321592066 0.9815922657 0.0274024431 0.0000665747 0.000000249736 0.000000252798 0.0000464494 0.0001817155 0.0029374398 0.0896599263 0.0001856108 0.0000478145 0.0896600941 0.0029374628 0.8927102998 0.9918463326 0.7743202130 0.1604182660 0.000000 0.000000 0.000000 0.000000 0.000000 0.000000 0.000000 0.000000 0.000000 0.000000 0.000000 0.000000 0.000000 0.000000 0.000000 0.000000 0.000000 0.000000 0.000000 0.000000 0.000000 0.9000490000 
93 0.0000297502 0.0002997477 0.0025187429 0.0002525335 0.0552809496 0.2158370901 0.8358229832 0.0010550403 0.0321807317 0.9815693596 0.0274024719 0.0000665848 0.000000249777 0.000000252323 0.0000465342 0.0001816873 0.0029394095 0.0896579308 0.0001855106 0.0000479046 0.0896580960 0.0029394321 0.8926895463 0.9918232744 0.7738381952 0.1602785031 0.000000 0.000000 0.000000 0.000000 0.000000 0.000000 0.000000 0.000000 0.000000 0.000000 0.000000 0.000000 0.000000 0.000000 0.000000 0.000000 0.000000 0.000000 0.000000 0.000000 0.000000 0.9000490000 
94 0.0000297502 0.0002997481 0.0025190891 0.0002521024 0.0554858619 0.2161981317 0.8352569781 0.0010564466 0.0322018195 0.9815469176 0.0274025002 0.0000665949 0.000000249811 0.000000251892 0.0000466267 0.0001816800 0.0029413394 0.0896559770 0.0001854131 0.0000479920 0.0896561383 0.0029413615 0.8926692132 0.9918006833 0.7733664230 0.1601631820 0.000000 0.000000 0.000000 0.000000 0.000000 0.000000 0.000000 0.000000 0.000000 0.000000 0.000000 0.000000 0.000000 0.000000 0.000000 0.000000 0.000000 0.000000 0.000000 0.000000 0.000000 0.9000490000 
95 0.0000297502 0.0002997485 0.0025193697 0.0002517132 0.0556891271 0.2165455972 0.8347061705 0.0010578172 0.0322223658 0.9815250504 0.0274025277 0.0000666049 0.000000249839 0.000000251503 0.0000467251 0.0001816907 0.0029432200 0.0896540743 0.0001853187 0.0000480764 0.0896542309 0.0029432414 0.8926494011 0.9917786710 0.7729073196 0.1600697524 0.000000 0.000000 0.000000 0.000000 0.000000 0.000000 0.000000 0.000000 0.000000 0.000000 0.000000 0.000000 0.000000 0.000000 0.000000 0.000000 0.000000 0.000000 0.000000 0.000000 0.000000 0.9000490000 
96 0.0000297501 0.0002997488 0.0025195918 0.0002513637 0.0558889681 0.2168777421 0.8341740883 0.0010591467 0.0322422555 0.9815038794 0.0274025544 0.0000666148 0.000000249861 0.000000251154 0.0000468273 0.0001817162 0.0029450404 0.0896522324 0.0001852280 0.0000481572 0.0896523844 0.0029450612 0.8926302199 0.9917573597 0.7724638242 0.1599957812 0.000000 0.000000 0.000000 0.000000 0.000000 0.000000 0.000000 0.000000 0.000000 0.000000 0.000000 0.000000 0.000000 0.000000 0.000000 0.000000 0.000000 0.000000 0.000000 0.000000 0.000000 0.9000490000 
97 0.0000297501 0.0002997492 0.0025197616 0.0002510502 0.0560848666 0.2171949892 0.8336608286 0.0010604324 0.0322614715 0.9814834238 0.0274025803 0.0000666244 0.000000249877 0.000000250841 0.0000469326 0.0001817548 0.0029467993 0.0896504534 0.0001851409 0.0000482347 0.0896506003 0.0029468194 0.8926116867 0.9917367685 0.7720360184 0.1599392480 0.000000 0.000000 0.000000 0.000000 0.000000 0.000000 0.000000 0.000000 0.000000 0.000000 0.000000 0.000000 0.000000 0.000000 0.000000 0.000000 0.000000 0.000000 0.000000 0.000000 0.000000 0.9000490000 
98 0.0000297501 0.0002997494 0.0025198847 0.0002507697 0.0562763150 0.2174976755 0.8331665642 0.0010616730 0.0322800007 0.9814636976 0.0274026053 0.0000666339 0.000000249889 0.000000250561 0.0000470403 0.0001818049 0.0029484954 0.0896487385 0.0001850573 0.0000483088 0.0896488799 0.0029485148 0.8925938146 0.9917169116 0.7716240462 0.1598982893 0.000000 0.000000 0.000000 0.000000 0.000000 0.000000 0.000000 0.000000 0.000000 0.000000 0.000000 0.000000 0.000000 0.000000 0.000000 0.000000 0.000000 0.000000 0.000000 0.000000 0.000000 0.9000490000 
99 0.0000297501 0.0002997497 0.0025199662 0.0002505190 0.0564629161 0.2177862323 0.8326912632 0.0010628672 0.0322978364 0.9814447088 0.0274026293 0.0000666431 0.000000249897 0.000000250311 0.0000471496 0.0001818650 0.0029501283 0.0896470887 0.0001849773 0.0000483796 0.0896472239 0.0029501468 0.8925766106 0.9916977971 0.7712278812 0.1598711852 0.000000 0.000000 0.000000 0.000000 0.000000 0.000000 0.000000 0.000000 0.000000 0.000000 0.000000 0.000000 0.000000 0.000000 0.000000 0.000000 0.000000 0.000000 0.000000 0.000000 0.000000 0.9000490000 
100 0.0000297501 0.0002997499 0.0025200133 0.0002502989 0.0566421141 0.2180570889 0.8322410606 0.0010640017 0.0323147514 0.9814266985 0.0274026522 0.0000666519 0.000000249902 0.000000250091 0.0000472573 0.0001819305 0.0029516768 0.0896455238 0.0001849019 0.0000484462 0.0896456533 0.0029516945 0.8925602932 0.9916796677 0.7708526358 0.1598555477 0.000000 0.000000 0.000000 0.000000 0.000000 0.000000 0.000000 0.000000 0.000000 0.000000 0.000000 0.000000 0.000000 0.000000 0.000000 0.000000 0.000000 0.000000 0.000000 0.000000 0.000000 0.9000490000 
##CONCENTRATIONS
#t E1 E2 KKK P_KKK KK P_KK PP_KK K P_K PP_K KPase KKPase E1_KKK E2_P_KKK P_KKK_KK P_KKK_P_KK PP_KK_K PP_KK_P_K KKPase_PP_KK KKPase_P_KK KPase_PP_K KPase_P_K K_PP_norm rel_K_PP_max KK_PP_norm KKK_P_norm r1a r1b r2a r2b r3a r3b r4a r4b r5a r5b r6a r6b r7a r7b r8a r8b r9a r9b r10a r10b compartment K_PP_norm_max 


