#t EGF R Ra R2 RP PLCg RPLCg RPLCgP PLCgP Grb RG SOS RGS GS Shc RSh RShP ShP RShG ShG RShGS ShGS PLCgl v1 v2 v3 v4 v5 v6 v7 v8 v9 v10 v11 v12 v13 v14 v15 v16 v17 v18 v19 v20 v21 v22 v23 v24 v25 compartment 
##CONCENTRATIONS
0 680.000000000000 100.000000000000 0.000000 0.000000 0.000000 105.000000000000 0.000000 0.000000 0.000000 85.00000000000 0.000000 34.00000000000 0.000000 0.000000 150.000000000000 0.000000 0.000000 0.000000 0.000000 0.000000 0.000000 0.000000 0.000000 0.000000 0.000000 0.000000 0.000000 0.000000 0.000000 0.000000 0.000000 0.000000 0.000000 0.000000 -0.000000 0.000000 0.000000 0.000000 0.000000 0.000000 0.000000 0.000000 0.000000 0.000000 0.000000 0.000000 0.000000 0.000000 0.000000 
1 596.597092119300 16.59709211930 47.46943520022 13.85519548818 0.5068204119 103.810234649351 0.9325551135 0.2420585885 0.0129447696 84.57322925502 0.0457210823 33.70304757422 0.0042225490 0.2860356314 147.512835174190 0.8425129220 1.4557215374 0.0981388842 0.0765666752 0.0075305617 0.0053619723 0.0013322730 0.0022068791 0.000000 0.000000 0.000000 0.000000 0.000000 0.000000 0.000000 0.000000 0.000000 0.000000 -0.000000 -0.000000 0.000000 0.000000 0.000000 0.000000 0.000000 0.000000 0.000000 0.000000 0.000000 0.000000 -0.000000 0.000000 0.000000 0.000000 
2 583.891914694830 3.8919146948 32.07432964917 17.26694274089 0.7756795428 100.038532831629 2.8138427805 1.8530269215 0.2076536559 83.03839066540 0.1759569263 33.19694431254 0.0405037132 0.5489941032 139.489916534594 1.5069261578 6.6420958597 1.1649068560 0.8043132846 0.1782834363 0.1375899009 0.0759679702 0.0869438104 0.000000 0.000000 0.000000 0.000000 0.000000 0.000000 0.000000 0.000000 0.000000 0.000000 -0.000000 -0.000000 0.000000 0.000000 0.000000 0.000000 0.000000 0.000000 0.000000 0.000000 0.000000 0.000000 -0.000000 0.000000 0.000000 0.000000 
3 581.411112946606 1.4111129466 22.95640527378 14.20943288846 0.7863232803 96.06380683844 3.6344926755 4.1180232346 0.6790344549 80.08318073908 0.2856027724 32.03212179592 0.1125693825 0.7695651292 130.826226718925 1.5133785104 10.61072828586 3.3005845081 1.9661643514 0.6971739330 0.5795255083 0.5062181841 0.5046427965 0.000000 0.000000 0.000000 0.000000 0.000000 0.000000 0.000000 0.000000 0.000000 0.000000 0.000000 -0.000000 0.000000 0.000000 0.000000 0.000000 0.000000 0.000000 0.000000 0.000000 0.000000 0.000000 -0.000000 0.000000 0.000000 0.000000 
4 580.801744956395 0.8017449564 17.89454334115 11.25244171220 0.7593088175 92.45136031594 3.7759300742 6.0624342810 1.2635897529 76.21355409430 0.3591995462 30.01229297709 0.2023766287 0.9725442141 122.904168512301 1.4037203381 12.59256529982 5.8472203332 2.9668945750 1.4726447616 1.2769845784 1.5358016017 1.4466855759 0.000000 0.000000 0.000000 0.000000 0.000000 0.000000 0.000000 0.000000 0.000000 0.000000 0.000000 -0.000000 0.000000 0.000000 0.000000 0.000000 0.000000 0.000000 0.000000 0.000000 0.000000 0.000000 0.000000 0.000000 0.000000 0.000000 
5 580.590547092392 0.5905470924 14.84861613180 9.3266405768 0.7422931229 89.13326528961 3.7027609636 7.4370393615 1.8033971830 71.89564025447 0.4106841651 27.29524453205 0.2943624223 1.1988224248 115.705180056977 1.3057081759 13.38744813497 8.4011728989 3.6232630767 2.3656570357 2.0502183882 3.1613522327 2.9235372023 0.000000 0.000000 0.000000 0.000000 0.000000 0.000000 0.000000 0.000000 0.000000 0.000000 0.000000 -0.000000 0.000000 0.000000 0.000000 0.000000 0.000000 0.000000 0.000000 0.000000 0.000000 0.000000 0.000000 0.000000 0.000000 0.000000 
6 580.487946249317 0.4879462493 12.88042144602 8.2152073734 0.7396803867 85.99663083622 3.6031436378 8.3273097681 2.2357439560 67.41419217380 0.4527797983 24.17515464448 0.3795855297 1.4696852860 109.031994611345 1.2330320090 13.62214607205 10.82907009551 3.9897454242 3.3184372482 2.7531861531 5.2223883867 4.8371718019 0.000000 0.000000 0.000000 0.000000 0.000000 0.000000 0.000000 0.000000 0.000000 0.000000 0.000000 -0.000000 0.000000 0.000000 0.000000 0.000000 0.000000 0.000000 0.000000 0.000000 0.000000 0.000000 0.000000 0.000000 0.000000 0.000000 
7 580.426350398866 0.4263503989 11.55179229876 7.6234236087 0.7481818703 82.96551168785 3.5266105927 8.8812110288 2.5609615961 62.93238876061 0.4929866371 20.92378482876 0.4539349944 1.7797613101 102.732015685134 1.1795310815 13.62582941667 13.12169551889 4.1655020513 4.3329073797 3.3137173697 7.5288014971 7.0657050946 0.000000 0.000000 0.000000 0.000000 0.000000 0.000000 0.000000 0.000000 0.000000 0.000000 0.000000 -0.000000 0.000000 0.000000 0.000000 0.000000 0.000000 0.000000 0.000000 0.000000 0.000000 0.000000 0.000000 0.000000 0.000000 0.000000 
8 580.385663443485 0.3856634435 10.63518961813 7.3481983875 0.7643927855 79.99493615154 3.4769133371 9.2204359986 2.8025497387 58.54866309138 0.5350674326 17.74409808482 0.5159618641 2.1066306571 96.70943086198 1.1386114615 13.54814503199 15.31013568979 4.2270111716 5.4333563892 3.7148359986 9.9184733953 9.5051647740 0.000000 0.000000 0.000000 0.000000 0.000000 0.000000 0.000000 0.000000 0.000000 0.000000 0.000000 -0.000000 0.000000 0.000000 0.000000 0.000000 0.000000 0.000000 0.000000 0.000000 0.000000 0.000000 0.000000 0.000000 0.000000 0.000000 
9 580.357817955961 0.3578179560 10.00039430095 7.2690002628 0.7878206936 77.05930031411 3.4468790716 9.4279824258 2.9860043815 54.32792796925 0.5806142465 14.77593425206 0.5655357582 2.4226236163 90.91006806058 1.1037121533 13.44971710575 17.43320427056 4.2208909910 6.6465010453 3.9687411630 12.26716521047 12.07983380702 0.000000 0.000000 0.000000 0.000000 0.000000 0.000000 0.000000 0.000000 0.000000 0.000000 0.000000 -0.000000 0.000000 0.000000 0.000000 0.000000 0.000000 0.000000 0.000000 0.000000 0.000000 0.000000 0.000000 0.000000 0.000000 0.000000 
10 580.338705006086 0.3387050061 9.5671160077 7.3157700187 0.8150881698 74.14296968873 3.4301258682 9.5563333399 3.1315816803 50.31635171003 0.6301031336 12.11132117371 0.6031712711 2.7030379089 85.30040267911 1.0738888455 13.35129656471 19.52707593426 4.1721443349 7.9927219952 4.0991679467 14.48330169958 14.73898942287 0.000000 0.000000 0.000000 0.000000 0.000000 0.000000 0.000000 0.000000 0.000000 0.000000 0.000000 -0.000000 0.000000 0.000000 0.000000 0.000000 0.000000 0.000000 0.000000 0.000000 0.000000 0.000000 0.000000 0.000000 0.000000 0.000000 
11 580.325840895822 0.3258408958 9.2825704201 7.4488685849 0.8463725924 71.23755496611 3.4212932564 9.6374830453 3.2533959057 46.54761791841 0.6832676903 9.8053790445 0.6297826726 2.9300502316 79.86381942811 1.0463131767 13.25697630631 21.62360960175 4.0932093475 9.4812840883 4.1322276697 16.50256038170 17.45027282651 0.000000 0.000000 0.000000 0.000000 0.000000 0.000000 0.000000 0.000000 0.000000 0.000000 0.000000 -0.000000 0.000000 0.000000 0.000000 0.000000 0.000000 0.000000 0.000000 0.000000 0.000000 0.000000 0.000000 0.000000 0.000000 0.000000 
12 580.317612026728 0.3176120267 9.1106290794 7.6446438090 0.8811098680 68.33834349258 3.4169449922 9.6904823848 3.3606254239 43.04541003568 0.7394238166 7.8818339516 0.6465758970 3.0938672441 74.59104102206 1.0198512342 13.16459945983 23.74978527719 3.9900344929 11.10696560644 4.0922134924 18.28550941490 20.19360370651 0.000000 0.000000 0.000000 0.000000 0.000000 0.000000 0.000000 0.000000 0.000000 0.000000 0.000000 -0.000000 0.000000 0.000000 0.000000 0.000000 0.000000 0.000000 0.000000 0.000000 0.000000 0.000000 0.000000 0.000000 0.000000 0.000000 
13 580.312910737936 0.3129107379 9.0256641538 7.8897466700 0.9190509618 65.44343487805 3.4145954816 9.7262970205 3.4589554533 39.82424016170 0.7975562164 6.3360394715 0.6550062142 3.1922414989 69.47890954592 0.9937231662 13.06883942185 25.92757195727 3.8659313307 12.84831176264 3.9999660709 19.81674674454 22.95671716656 0.000000 0.000000 0.000000 0.000000 0.000000 0.000000 0.000000 0.000000 0.000000 0.000000 0.000000 -0.000000 0.000000 0.000000 0.000000 0.000000 0.000000 0.000000 0.000000 0.000000 0.000000 0.000000 0.000000 0.000000 0.000000 0.000000 
14 580.310951413597 0.3109514136 9.0092247162 8.1776303389 0.9604505962 62.55305289171 3.4123139117 9.7508031978 3.5517289397 36.89003642398 0.8564347401 5.1386906970 0.6566930991 3.2292617150 64.52963530944 0.9670007453 12.96272992400 28.17305999959 3.7235195118 14.66870002106 3.8723358702 21.10301861870 25.73210105903 0.000000 -0.000000 0.000000 0.000000 0.000000 0.000000 0.000000 0.000000 0.000000 0.000000 0.000000 -0.000000 0.000000 0.000000 0.000000 0.000000 0.000000 0.000000 0.000000 0.000000 0.000000 0.000000 0.000000 0.000000 0.000000 0.000000 
15 580.311162459272 0.3111624593 9.0476306563 8.5022827075 1.0049925711 59.66832864591 3.4089375876 9.7669720141 3.6408280677 34.24037442248 0.9148995568 4.2422660242 0.6532683993 3.2136696737 59.74513326244 0.9397364106 12.84139997039 30.49594240890 3.5658994552 16.52109258971 3.7222147697 22.16858113315 28.51493368474 -0.000000 -0.000000 0.000000 0.000000 0.000000 0.000000 0.000000 0.000000 0.000000 -0.000000 0.000000 -0.000000 0.000000 0.000000 0.000000 0.000000 0.000000 0.000000 0.000000 0.000000 0.000000 0.000000 0.000000 0.000000 0.000000 0.000000 
16 580.313117714344 0.3131177143 9.1305443583 8.8623106985 1.0528154142 56.79199041737 3.4031500067 9.7757827158 3.7271828515 31.86539596208 0.9718671012 3.5897075357 0.6462752090 3.1569037290 55.13123824458 0.9114044736 12.69859222933 32.89920705377 3.3969576965 18.35548677592 3.5590134188 23.04810010754 31.30189400866 -0.000000 -0.000000 0.000000 0.000000 0.000000 0.000000 0.000000 0.000000 0.000000 -0.000000 0.000000 -0.000000 0.000000 0.000000 0.000000 0.000000 0.000000 0.000000 0.000000 0.000000 0.000000 0.000000 0.000000 0.000000 0.000000 0.000000 
17 580.316495386306 0.3164953863 9.2500585947 9.2547042011 1.1043986882 53.92736232229 3.3940073698 9.7771315456 3.8111347786 29.74933575361 1.0265817648 3.1235513755 0.6370206101 3.0711677552 50.69240401604 0.8816642377 12.53100729580 35.37903033416 3.2209185533 20.12671530383 3.3892887433 23.77897151598 34.09036398370 -0.000000 -0.000000 0.000000 0.000000 0.000000 0.000000 0.000000 0.000000 0.000000 -0.000000 0.000000 -0.000000 0.000000 0.000000 0.000000 0.000000 0.000000 0.000000 0.000000 0.000000 0.000000 0.000000 0.000000 0.000000 0.000000 0.000000 
18 580.321050327358 0.3210503274 9.4002610755 9.6814095999 1.1588236808 51.07879706803 3.3807147461 9.7699500482 3.8926164463 27.87238099656 1.0785068833 2.7929612194 0.6265654179 2.9678035644 46.43637275784 0.8511948263 12.33261304626 37.92507623172 3.0421148694 21.79995847010 3.2174511804 24.39521861793 36.87792169145 -0.000000 -0.000000 0.000000 0.000000 0.000000 0.000000 0.000000 0.000000 0.000000 -0.000000 0.000000 -0.000000 0.000000 0.000000 0.000000 0.000000 0.000000 0.000000 0.000000 0.000000 0.000000 0.000000 0.000000 0.000000 0.000000 0.000000 
19 580.326595046890 0.3265950469 9.5763494774 10.13929739764 1.2181321766 48.25134183824 3.3621664206 9.7530994777 3.9713528005 26.21269832106 1.1274961801 2.5573623656 0.6156647860 2.8561698605 42.36803838359 0.8183657265 12.10359628473 40.52202875286 2.8642313731 23.35293649141 3.0464779150 24.92432507284 39.66203946304 -0.000000 -0.000000 0.000000 0.000000 0.000000 0.000000 0.000000 0.000000 0.000000 -0.000000 0.000000 -0.000000 0.000000 0.000000 0.000000 0.000000 0.000000 0.000000 0.000000 0.000000 0.000000 0.000000 0.000000 0.000000 0.000000 0.000000 
20 580.332980671275 0.3329806713 9.7747796600 10.63155288600 1.2801163839 45.45050336946 3.3379689762 9.7247416861 4.0468875023 24.74802573240 1.1735650347 2.3868984115 0.6048664560 2.7432386565 38.49446758511 0.7852239474 11.83936979373 43.15063455338 2.6903398515 24.77496779297 2.8783748188 25.38662165713 42.43989846583 -0.000000 -0.000000 0.000000 0.000000 0.000000 0.000000 0.000000 0.000000 0.000000 -0.000000 0.000000 -0.000000 0.000000 0.000000 0.000000 0.000000 0.000000 0.000000 0.000000 0.000000 0.000000 0.000000 0.000000 0.000000 0.000000 0.000000 
21 580.340098415199 0.3400984152 9.9928772513 11.15926876833 1.3472800105 42.68345196294 3.3066627077 9.6829961545 4.1186379025 23.45718370992 1.2168869223 2.2608088717 0.5945241769 2.6337207597 34.82427592238 0.7495982376 11.53934161534 45.78909979355 2.5224199833 26.06431825627 2.7145335903 25.79641260130 45.20825127229 -0.000000 -0.000000 0.000000 0.000000 0.000000 0.000000 0.000000 0.000000 0.000000 -0.000000 0.000000 -0.000000 0.000000 0.000000 0.000000 0.000000 0.000000 0.000000 -0.000000 0.000000 0.000000 0.000000 0.000000 0.000000 0.000000 0.000000 
22 580.347860707685 0.3478607077 10.22827654015 11.71798854387 1.4176927735 39.95574071241 3.2686659192 9.6262271191 4.1860117179 22.31994611668 1.2578744480 2.1652400839 0.5848646169 2.5304726743 31.35739681443 0.7137779386 11.20684113777 48.41514196515 2.3621133377 27.22530618142 2.5558855414 26.16353708353 47.96335453138 -0.000000 -0.000000 0.000000 0.000000 0.000000 0.000000 0.000000 0.000000 0.000000 -0.000000 0.000000 -0.000000 0.000000 0.000000 0.000000 0.000000 0.000000 0.000000 -0.000000 0.000000 0.000000 0.000000 0.000000 0.000000 0.000000 0.000000 
23 580.356188806236 0.3561888062 10.47901761802 12.31421552148 1.4924830263 37.27646916511 3.2219846997 9.5522454995 4.2483369540 21.31828464896 1.2967898038 2.0910623962 0.5760489913 2.4349534211 28.10407956938 0.6762462980 10.83895214503 51.00679885274 2.2102944461 28.26569349732 2.4031363566 26.49479883486 50.70096368166 -0.000000 -0.000000 0.000000 0.000000 0.000000 0.000000 0.000000 0.000000 0.000000 -0.000000 0.000000 -0.000000 0.000000 0.000000 0.000000 0.000000 0.000000 0.000000 -0.000000 0.000000 0.000000 0.000000 0.000000 0.000000 0.000000 0.000000 
24 580.365025029715 0.3650250297 10.74356394143 12.94189709378 1.5717857523 34.65250429353 3.1670029857 9.4592850751 4.3049254332 20.43648041310 1.3341220829 2.0323095409 0.5681439684 2.3477360385 25.06350603265 0.6378452682 10.44209226942 53.54303893267 2.0668170769 29.19488996805 2.2567139418 26.79509651035 53.41628221251 -0.000000 -0.000000 0.000000 0.000000 0.000000 0.000000 0.000000 0.000000 0.000000 -0.000000 0.000000 -0.000000 0.000000 0.000000 0.000000 0.000000 0.000000 0.000000 -0.000000 0.000000 0.000000 0.000000 0.000000 0.000000 0.000000 0.000000 
25 580.374315057914 0.3743150579 11.02052687984 13.60681029113 1.6544790990 32.09342624974 3.1024027619 9.3451680278 4.3550464374 19.65998151890 1.3701659740 1.9850068414 0.5612303034 2.2688464811 22.24242421429 0.5990807141 10.01419441449 56.00452493449 1.9322077617 30.02265158685 2.1168396837 27.06807669033 56.10395652327 -0.000000 -0.000000 0.000000 0.000000 0.000000 0.000000 0.000000 0.000000 0.000000 -0.000000 -0.000000 -0.000000 0.000000 0.000000 0.000000 0.000000 0.000000 0.000000 -0.000000 0.000000 0.000000 0.000000 0.000000 0.000000 0.000000 0.000000 
26 580.384012672939 0.3840126729 11.30844298631 14.30177575077 1.7419462355 29.60708608399 3.0283413308 9.2084644531 4.3980175007 18.97666189837 1.4053645573 1.9464122449 0.5553195733 2.1979829356 19.63818465958 0.5593141347 9.5638227689 58.37400740137 1.8057720297 30.75861375949 1.9836513363 27.31663390998 58.75809063142 -0.000000 -0.000000 0.000000 0.000000 0.000000 0.000000 0.000000 0.000000 0.000000 -0.000000 -0.000000 -0.000000 0.000000 0.000000 0.000000 0.000000 0.000000 0.000000 -0.000000 0.000000 0.000000 0.000000 0.000000 0.000000 0.000000 0.000000 
27 580.394065312982 0.3940653130 11.60593504870 15.03012939658 1.8326815719 27.20316512469 2.9440357722 9.0473373397 4.4331640917 18.37553371774 1.4400089902 1.9146099848 0.5504391933 2.1346830968 17.25327413895 0.5198196108 9.0910253872 60.63654586097 1.6873758586 31.41169141820 1.8571466985 27.54312102667 61.37229767159 -0.000000 -0.000000 0.000000 0.000000 0.000000 0.000000 0.000000 0.000000 0.000000 -0.000000 -0.000000 -0.000000 0.000000 0.000000 0.000000 0.000000 0.000000 0.000000 -0.000000 0.000000 0.000000 0.000000 0.000000 0.000000 0.000000 0.000000 
28 580.404428169586 0.4044281696 11.91158818182 15.78691293966 1.9267767215 24.89003747238 2.8497992401 8.8605913320 4.4598463659 17.84712626120 1.4744270881 1.8882202914 0.5465914286 2.0784212274 15.08406405720 0.4804625163 8.6026344082 62.77940502352 1.5765614702 31.99010547190 1.7372346796 27.74953237301 63.93972558963 -0.000000 -0.000000 0.000000 0.000000 0.000000 0.000000 0.000000 0.000000 0.000000 -0.000000 -0.000000 -0.000000 0.000000 0.000000 0.000000 0.000000 0.000000 0.000000 -0.000000 0.000000 0.000000 0.000000 0.000000 0.000000 0.000000 0.000000 
29 580.415045491357 0.4150454914 12.22368541134 16.56916987801 2.0237585380 22.67624900269 2.7456422929 8.6474143513 4.4775425828 17.38309483060 1.5088857757 1.8662112909 0.5437734095 2.0286311759 13.12652064318 0.4417255906 8.1035138858 64.79262507210 1.4729563084 32.50127437616 1.6237945185 27.93758960532 66.45315177027 -0.000000 -0.000000 0.000000 0.000000 0.000000 0.000000 0.000000 0.000000 0.000000 -0.000000 -0.000000 -0.000000 0.000000 0.000000 0.000000 0.000000 0.000000 0.000000 -0.000000 0.000000 0.000000 0.000000 0.000000 0.000000 0.000000 0.000000 
30 580.425857637227 0.4258576372 12.54041046995 17.37251425560 2.1229209229 20.56954155193 2.6320982885 8.4074247837 4.4858317038 16.97612553177 1.5436164642 1.8477987971 0.5419748096 1.9847593515 11.37426894915 0.4039907807 7.5994693099 66.66874711742 1.3761871735 32.95186962754 1.5166691577 28.10879788408 68.90510367202 -0.000000 -0.000000 0.000000 0.000000 0.000000 0.000000 0.000000 0.000000 0.000000 -0.000000 -0.000000 -0.000000 0.000000 0.000000 0.000000 0.000000 0.000000 0.000000 -0.000000 0.000000 0.000000 0.000000 0.000000 0.000000 0.000000 0.000000 
31 580.436799038843 0.4367990388 12.85975630762 18.19197448751 2.2236689572 18.57694664557 2.5097972416 8.1408370156 4.4844345348 16.61976219042 1.5788053752 1.8323724299 0.5411789972 1.9462693560 9.8192659135 0.3676087061 7.0962260407 68.40291525845 1.2859350150 33.34786984932 1.4156904907 28.26448872621 71.28798456238 -0.000000 -0.000000 0.000000 0.000000 0.000000 0.000000 0.000000 0.000000 0.000000 -0.000000 -0.000000 -0.000000 0.000000 0.000000 0.000000 0.000000 0.000000 0.000000 -0.000000 0.000000 0.000000 0.000000 0.000000 0.000000 0.000000 0.000000 
32 580.447798178690 0.4477981787 13.17955208202 19.02134174134 2.3249903937 16.70402881595 2.3799523195 7.8485526250 4.4732456451 16.30829466804 1.6145955739 1.8194525063 0.5413634134 1.9126505031 8.4511656523 0.3330531306 6.5998664685 69.99281890706 1.2019232442 33.69463902015 1.3206859596 28.40584761766 73.59422059449 -0.000000 -0.000000 0.000000 0.000000 0.000000 0.000000 0.000000 0.000000 0.000000 -0.000000 -0.000000 -0.000000 0.000000 0.000000 0.000000 0.000000 0.000000 0.000000 -0.000000 0.000000 0.000000 0.000000 0.000000 0.000000 0.000000 0.000000 
33 580.458778257002 0.4587782570 13.49748791784 19.85395863372 2.4262095847 14.95518296648 2.2437878919 7.5322024805 4.4523619797 16.03663435261 1.6510834777 1.8086501743 0.5424992263 1.8834208214 7.2583282170 0.3005026239 6.1162121171 71.43859492010 1.1239220426 33.99701030131 1.2314888342 28.53394094384 75.81646468146 -0.000000 -0.000000 0.000000 0.000000 0.000000 0.000000 0.000000 0.000000 0.000000 -0.000000 -0.000000 -0.000000 0.000000 0.000000 0.000000 0.000000 0.000000 0.000000 -0.000000 0.000000 0.000000 0.000000 0.000000 0.000000 0.000000 0.000000 
34 580.469659183060 0.4696591831 13.81120261425 20.68290475926 2.5263102811 13.33315489414 2.1028557779 7.1940919840 4.4220921990 15.80021849440 1.6883224403 1.7996470675 0.5445518246 1.8581260448 6.2277406593 0.2702860978 5.6505623325 72.74262971448 1.0517415220 34.25936461072 1.1479420819 28.64973298126 77.94780514500 -0.000000 -0.000000 0.000000 0.000000 0.000000 0.000000 0.000000 0.000000 0.000000 -0.000000 -0.000000 -0.000000 0.000000 0.000000 0.000000 0.000000 0.000000 0.000000 -0.000000 0.000000 0.000000 0.000000 0.000000 0.000000 0.000000 0.000000 
35 580.480359859413 0.4803598594 14.11834329210 21.50080785207 2.6243398582 11.83890397287 1.9589610779 6.8372306757 4.3829604502 15.59495417310 1.7263229235 1.7921782915 0.5474806690 1.8363426349 5.3453445586 0.2426195825 5.2077778513 73.90935840816 0.9852124129 34.48568878195 1.0698955212 28.75410288338 79.98194382337 -0.000000 -0.000000 0.000000 0.000000 0.000000 0.000000 0.000000 0.000000 0.000000 -0.000000 -0.000000 -0.000000 0.000000 0.000000 0.000000 0.000000 0.000000 0.000000 -0.000000 0.000000 0.000000 0.000000 0.000000 0.000000 0.000000 0.000000 
36 580.490799537055 0.4907995371 14.41659796568 22.30030724472 2.7194411207 10.47172835701 1.8139802841 6.4652649881 4.3357020069 15.41717758395 1.7650545722 1.7860275994 0.5512394397 1.8176724750 4.5964448563 0.2175989214 4.7920278127 74.94507248049 0.9241819594 34.67961348388 0.9972049056 28.84785558018 81.91332436389 -0.000000 -0.000000 0.000000 0.000000 0.000000 0.000000 0.000000 0.000000 0.000000 -0.000000 -0.000000 -0.000000 0.000000 0.000000 0.000000 0.000000 0.000000 0.000000 -0.000000 0.000000 -0.000000 0.000000 0.000000 0.000000 0.000000 0.000000 
37 580.500901186448 0.5009011864 14.70380052607 23.07444469473 2.8108258598 9.2292048741 1.6697805830 6.0823556015 4.2812518586 15.26356396716 1.8044506797 1.7810094156 0.5557764037 1.8017417699 3.9662298507 0.1952424545 4.4065433909 75.85751712446 0.8684993872 34.84449538154 0.9297300887 28.93174232205 83.73740708286 -0.000000 -0.000000 0.000000 0.000000 0.000000 0.000000 0.000000 0.000000 0.000000 -0.000000 -0.000000 -0.000000 0.000000 0.000000 0.000000 0.000000 0.000000 0.000000 -0.000000 0.000000 -0.000000 0.000000 0.000000 0.000000 0.000000 0.000000 
38 580.510594002255 0.5105940023 14.97802493212 23.81695450616 2.8977422805 8.1073176302 1.5281758743 5.6929883096 4.2207110078 15.13109475983 1.8444132585 1.7769608065 0.5610349980 1.7882065802 3.4401565965 0.1755384669 4.0535029337 76.65555159947 0.8180081929 34.98344459523 0.8673317122 29.00646590309 85.45080717812 -0.000000 -0.000000 0.000000 0.000000 0.000000 0.000000 0.000000 0.000000 0.000000 -0.000000 -0.000000 -0.000000 0.000000 0.000000 0.000000 0.000000 0.000000 0.000000 -0.000000 0.000000 -0.000000 0.000000 0.000000 0.000000 0.000000 0.000000 
39 580.519815901089 0.5198159011 15.23762869132 24.52226448560 2.9795508631 7.1005788604 1.3909078293 5.3018188008 4.1553020600 15.01704397108 1.8848185116 1.7737401604 0.5669545894 1.7767468732 3.0041987162 0.1584149734 3.7341555308 77.34879472480 0.7725295244 35.09934815331 0.8098625953 29.07269578171 87.05139244944 -0.000000 -0.000000 0.000000 0.000000 0.000000 0.000000 0.000000 0.000000 0.000000 -0.000000 -0.000000 0.000000 0.000000 0.000000 0.000000 0.000000 0.000000 0.000000 -0.000000 0.000000 -0.000000 0.000000 0.000000 0.000000 0.000000 0.000000 
40 580.528515540969 0.5285155410 15.48131029010 25.18589566577 3.0558551676 6.2024514815 1.2594252902 4.9134668208 4.0863176574 14.91896360900 1.9255232670 1.7712233178 0.5734713551 1.7670757594 2.6453271079 0.1436853813 3.4487482100 77.94727329131 0.7318527837 35.19488365806 0.7571631431 29.13106642463 88.53833875019 -0.000000 -0.000000 0.000000 0.000000 0.000000 0.000000 0.000000 0.000000 0.000000 -0.000000 -0.000000 0.000000 0.000000 0.000000 0.000000 0.000000 0.000000 0.000000 -0.000000 0.000000 -0.000000 0.000000 0.000000 0.000000 0.000000 0.000000 
41 580.536653992742 0.5366539927 15.70815741637 25.80479588850 3.1264627794 5.4057681382 1.1347885748 4.5322594123 4.0150600296 14.83466797957 1.9663721569 1.7693019473 0.5805196243 1.7589313282 2.3518260370 0.1311076991 3.1964949817 78.46106237112 0.6957362036 35.27252560731 0.7090569748 29.18219012532 89.91212384510 -0.000000 -0.000000 0.000000 0.000000 0.000000 0.000000 0.000000 0.000000 0.000000 -0.000000 -0.000000 0.000000 0.000000 0.000000 0.000000 0.000000 0.000000 0.000000 -0.000000 0.000000 -0.000000 0.000000 0.000000 0.000000 0.000000 0.000000 
42 580.544205560622 0.5442055606 15.91765009096 26.37710624782 3.1912456218 4.7027921482 1.0178226562 4.1621075441 3.9427926756 14.76221873511 2.0072030994 1.7678817463 0.5880327101 1.7520801318 2.1132070022 0.1204652535 2.9758337018 78.90002871875 0.6639059091 35.33455400280 0.6653494305 29.22665598133 91.17448497593 -0.000000 -0.000000 0.000000 0.000000 0.000000 0.000000 0.000000 0.000000 0.000000 0.000000 -0.000000 0.000000 0.000000 0.000000 0.000000 0.000000 0.000000 0.000000 -0.000000 0.000000 -0.000000 0.000000 0.000000 0.000000 0.000000 0.000000 
43 580.551157998887 0.5511579989 16.10964041691 26.90184164638 3.2500526345 4.0853830859 0.9092443229 3.8063797922 3.8706807525 14.69990575603 2.0478543967 1.7668800088 0.5959441770 1.7463182785 1.9200932651 0.1116167393 2.7847787630 79.27353384102 0.6360609634 35.38305889263 0.6258273568 29.26503017886 92.32831204655 -0.000000 -0.000000 0.000000 0.000000 0.000000 0.000000 0.000000 0.000000 0.000000 0.000000 -0.000000 0.000000 0.000000 0.000000 0.000000 0.000000 0.000000 0.000000 -0.000000 0.000000 -0.000000 0.000000 0.000000 0.000000 0.000000 0.000000 
44 580.557510689243 0.5575106892 16.28428087794 27.37867699817 3.3029571005 3.5452459509 0.8095299256 3.4679477272 3.7997745103 14.64623669463 2.0881679372 1.7662237897 0.6041886616 1.7414697954 1.7642124199 0.1043417435 2.6211500485 79.59035887684 0.6118823268 35.41993683106 0.5902617473 29.29785600602 93.37750188599 -0.000000 -0.000000 0.000000 0.000000 0.000000 0.000000 0.000000 0.000000 0.000000 0.000000 -0.000000 0.000000 0.000000 0.000000 0.000000 0.000000 0.000000 0.000000 -0.000000 0.000000 -0.000000 0.000000 0.000000 0.000000 0.000000 0.000000 
45 580.563272661579 0.5632726616 16.44197825838 27.80854419399 3.3503144660 3.0744924334 0.7186537428 3.1490550840 3.7309932084 14.59991287817 2.1279932563 1.7658505362 0.6127027524 1.7373745780 1.6387622420 0.0983290887 2.4823383231 79.85855381104 0.5910361130 35.44690828874 0.5584075197 29.32566461375 94.32680553137 -0.000000 -0.000000 0.000000 0.000000 0.000000 0.000000 0.000000 0.000000 0.000000 0.000000 -0.000000 0.000000 0.000000 0.000000 0.000000 0.000000 0.000000 0.000000 -0.000000 0.000000 -0.000000 0.000000 0.000000 0.000000 0.000000 0.000000 
46 580.568462173242 0.5684621732 16.58342467360 28.19367865341 3.3925472972 2.6659295240 0.6361944707 2.8511408012 3.6650862674 14.55981022513 2.1671928695 1.7657056700 0.6214260419 1.7339038477 1.5383302797 0.0933303996 2.3653408726 80.08533143230 0.5731925702 35.46551000523 0.5300126002 29.34895184013 95.18164893673 -0.000000 -0.000000 0.000000 0.000000 0.000000 0.000000 0.000000 0.000000 0.000000 0.000000 -0.000000 0.000000 0.000000 0.000000 0.000000 0.000000 0.000000 0.000000 -0.000000 0.000000 -0.000000 0.000000 0.000000 0.000000 0.000000 0.000000 
47 580.573105364239 0.5731053642 16.70949617322 28.53639360704 3.4297850970 2.3123813930 0.5619925916 2.5750436272 3.6026277253 14.52496677039 2.2056434535 1.7657426605 0.6303016333 1.7309434526 1.4580889921 0.0892789117 2.2674221730 80.27706523296 0.5580218028 35.47711063384 0.5048163341 29.36819591942 95.94795466287 -0.000000 -0.000000 0.000000 0.000000 0.000000 0.000000 0.000000 0.000000 0.000000 0.000000 -0.000000 0.000000 0.000000 0.000000 0.000000 0.000000 0.000000 0.000000 -0.000000 0.000000 -0.000000 -0.000000 0.000000 0.000000 0.000000 0.000000 
48 580.577234744158 0.5772347442 16.82120413344 28.83902470833 3.4621929495 2.0069579162 0.4959230651 2.3210827022 3.5440215950 14.49457199847 2.2432361498 1.7659221297 0.6392762675 1.7283995038 1.3938787025 0.0861215270 2.1861699040 80.43931378608 0.5451995278 35.48291445366 0.4825537600 29.38384833904 96.63201472149 -0.000000 -0.000000 0.000000 0.000000 0.000000 0.000000 0.000000 0.000000 0.000000 0.000000 -0.000000 0.000000 0.000000 0.000000 0.000000 0.000000 0.000000 0.000000 -0.000000 0.000000 -0.000000 -0.000000 0.000000 0.000000 0.000000 0.000000 
49 580.580884447391 0.5808844474 16.91954407265 29.10417748816 3.4905185481 1.7436795602 0.4373237823 2.0892811448 3.4895423432 14.46793412165 2.2798769149 1.7662103701 0.6483007659 1.7261963462 1.3424537584 0.0835142810 2.1194037842 80.57693632508 0.5344234045 35.48397592895 0.4629656261 29.39632689175 97.24017316953 -0.000000 -0.000000 0.000000 0.000000 0.000000 0.000000 0.000000 0.000000 0.000000 0.000000 -0.000000 0.000000 0.000000 0.000000 0.000000 0.000000 0.000000 0.000000 -0.000000 0.000000 -0.000000 -0.000000 0.000000 0.000000 0.000000 0.000000 
50 580.584089882993 0.5840898830 17.00559068805 29.33543660152 3.5150467429 1.5173318502 0.3854372275 1.8790882033 3.4393436528 14.44445931705 2.3154898002 1.7665795178 0.6573307032 1.7242688065 1.3013629133 0.0814027332 2.0646992741 80.69408370635 0.5254253439 35.48120505663 0.4458030847 29.40601788779 97.77879906616 -0.000000 -0.000000 0.000000 0.000000 0.000000 0.000000 0.000000 0.000000 0.000000 0.000000 -0.000000 0.000000 0.000000 0.000000 0.000000 0.000000 0.000000 0.000000 -0.000000 0.000000 -0.000000 -0.000000 0.000000 0.000000 0.000000 0.000000 
51 580.586888632645 0.5868886326 17.08046680892 29.53562169264 3.5359378213 1.3227519961 0.3399689886 1.6896409280 3.3934547990 14.42365562030 2.3500134759 1.7670066563 0.6663258029 1.7225646496 1.2682474131 0.0798098264 2.0202297534 80.79427255580 0.5179500535 35.47538750658 0.4308239365 29.41327895465 98.25418328835 -0.000000 -0.000000 0.000000 0.000000 0.000000 0.000000 0.000000 0.000000 0.000000 0.000000 -0.000000 0.000000 0.000000 0.000000 0.000000 0.000000 0.000000 0.000000 -0.000000 0.000000 -0.000000 -0.000000 0.000000 0.000000 0.000000 0.000000 
52 580.589319195199 0.5893191952 17.14527696202 29.70802438101 3.5540392345 1.1559522341 0.3000087618 1.5198211712 3.3518003893 14.40512358090 2.3834005231 1.7674732057 0.6752501505 1.7210432265 1.2417856639 0.0784123455 1.9841892495 80.88043022221 0.5117610529 35.46718804881 0.4177950514 29.41843836576 98.67241744373 -0.000000 -0.000000 0.000000 0.000000 0.000000 0.000000 0.000000 0.000000 0.000000 0.000000 -0.000000 0.000000 0.000000 0.000000 0.000000 0.000000 0.000000 0.000000 0.000000 0.000000 -0.000000 -0.000000 0.000000 0.000000 0.000000 0.000000 
53 580.591419490552 0.5914194906 17.20111386369 29.85615282115 3.5694298535 1.0133351228 0.2649254619 1.3682333338 3.3142158829 14.38852422621 2.4156207173 1.7679642090 0.6840727631 1.7196707025 1.2208079823 0.0772966411 1.9548478778 80.95493590797 0.5066549336 35.45716433199 0.4064989197 29.42179340562 99.03929019870 -0.000000 -0.000000 0.000000 0.000000 0.000000 0.000000 0.000000 0.000000 0.000000 0.000000 -0.000000 0.000000 0.000000 0.000000 0.000000 0.000000 0.000000 0.000000 0.000000 0.000000 -0.000000 -0.000000 0.000000 0.000000 0.000000 0.000000 
54 580.593225928329 0.5932259283 17.24899824533 29.98218069500 3.5822390017 0.8911770521 0.2345779784 1.2335383704 3.2804828101 14.37358336793 2.4466542417 1.7684679371 0.6927662939 1.7184231315 1.2038983217 0.0765026574 1.9312528003 81.01977325560 0.5024443957 35.44578593169 0.3967314786 29.42361115895 99.36022378903 -0.000000 -0.000000 0.000000 0.000000 0.000000 0.000000 0.000000 0.000000 0.000000 0.000000 -0.000000 0.000000 0.000000 0.000000 0.000000 0.000000 0.000000 0.000000 0.000000 0.000000 -0.000000 -0.000000 0.000000 0.000000 0.000000 0.000000 
55 580.594771479169 0.5947714792 17.28981281038 30.08864210013 3.5931242446 0.7867077573 0.2082272602 1.1144407517 3.2503695478 14.36007001983 2.4764904031 1.7689752482 0.7013070455 1.7172780160 1.1903422774 0.0757915519 1.9124027636 81.07660889151 0.4989745692 35.43344025610 0.3883071653 29.42413252502 99.64025468294 -0.000000 -0.000000 0.000000 0.000000 0.000000 0.000000 0.000000 0.000000 0.000000 0.000000 -0.000000 0.000000 0.000000 0.000000 0.000000 0.000000 0.000000 0.000000 0.000000 0.000000 -0.000000 -0.000000 0.000000 0.000000 0.000000 0.000000 
56 580.596086022517 0.5960860225 17.32440009676 30.17830261301 3.6021716516 0.6975187722 0.1853107414 1.0095135664 3.2236245772 14.34778168413 2.5051301772 1.7694791648 0.7096752653 1.7162176111 1.1795387871 0.0752306340 1.8972370672 81.12679824959 0.4961242814 35.42044302207 0.3810609428 29.42356701590 99.88403234285 -0.000000 -0.000000 0.000000 0.000000 0.000000 0.000000 0.000000 0.000000 0.000000 0.000000 -0.000000 0.000000 0.000000 0.000000 0.000000 0.000000 0.000000 0.000000 0.000000 0.000000 -0.000000 -0.000000 0.000000 0.000000 0.000000 0.000000 
57 580.597197694981 0.5971976950 17.35355287484 30.25304808574 3.6095174175 0.6212144542 0.1656183932 0.9173799014 3.1999749259 14.33655851634 2.5325821150 1.7699743419 0.7178543399 1.7152308041 1.1707703955 0.0748465365 1.8851585344 81.17145030897 0.4937786832 35.40705502741 0.3748407084 29.42209980568 100.095812325227 -0.000000 -0.000000 0.000000 0.000000 0.000000 0.000000 0.000000 0.000000 0.000000 0.000000 -0.000000 0.000000 0.000000 0.000000 0.000000 0.000000 0.000000 0.000000 0.000000 0.000000 -0.000000 -0.000000 0.000000 0.000000 0.000000 0.000000 
58 580.598132448010 0.5981324480 17.37796755423 30.31492297813 3.6156906082 0.5561151567 0.1485532036 0.8367360834 3.1791422669 14.32626780961 2.5588608969 1.7704568396 0.7258306540 1.7143067740 1.1638014537 0.0744589654 1.8755428766 81.21146283877 0.4918433152 35.39348481790 0.3695104175 29.41989531491 100.279453289385 -0.000000 -0.000000 0.000000 0.000000 0.000000 0.000000 0.000000 0.000000 0.000000 0.000000 -0.000000 0.000000 0.000000 0.000000 0.000000 0.000000 0.000000 0.000000 0.000000 0.000000 -0.000000 -0.000000 0.000000 0.000000 0.000000 0.000000 
59 580.598913735255 0.5989137353 17.39829704337 30.36607964481 3.6206153971 0.5007167073 0.1337577668 0.7662577343 3.1608456365 14.31679795267 2.5839900856 1.7709240349 0.7335939172 1.7134374642 1.1583768240 0.0741890621 1.8677215125 81.24753202106 0.4902405942 35.37989540241 0.3649488961 29.41709568766 100.438422155075 -0.000000 -0.000000 0.000000 0.000000 0.000000 0.000000 0.000000 0.000000 0.000000 0.000000 -0.000000 0.000000 0.000000 0.000000 0.000000 0.000000 0.000000 0.000000 0.000000 0.000000 -0.000000 -0.000000 0.000000 0.000000 0.000000 0.000000 
60 580.599562279502 0.5995622795 17.41508066986 30.40720601263 3.6245065979 0.4531716457 0.1212602727 0.7049263781 3.1448265763 14.30805364911 2.6079937286 1.7713741515 0.7411354301 1.7126168089 1.1538249335 0.0739930605 1.8617028401 81.28027878264 0.4889046531 35.36642212074 0.3610495516 29.41382405794 100.575815127130 -0.000000 -0.000000 0.000000 0.000000 0.000000 0.000000 0.000000 0.000000 0.000000 0.000000 -0.000000 0.000000 0.000000 0.000000 0.000000 0.000000 0.000000 0.000000 0.000000 0.000000 -0.000000 -0.000000 0.000000 0.000000 0.000000 0.000000 
61 580.600095693479 0.6000956935 17.42880672311 30.44062897317 3.6277487382 0.4129185776 0.1102062727 0.6516256907 3.1308519645 14.29995223721 2.6309020412 1.7718060368 0.7484493500 1.7118393156 1.1504797765 0.0737421539 1.8567340393 81.31018697437 0.4877907279 35.35316103043 0.3577208045 29.41018449304 100.694397494460 -0.000000 -0.000000 0.000000 0.000000 0.000000 0.000000 0.000000 0.000000 0.000000 0.000000 -0.000000 0.000000 0.000000 0.000000 0.000000 0.000000 0.000000 0.000000 0.000000 0.000000 -0.000000 -0.000000 0.000000 0.000000 0.000000 0.000000 
62 580.600530954425 0.6005309544 17.43994785784 30.46686157343 3.6300160273 0.3783561705 0.1009925637 0.6053548991 3.1186780562 14.29243101193 2.6527489875 1.7722191608 0.7555317581 1.7111023888 1.1476564591 0.0736651747 1.8528656237 81.33762688883 0.4868458953 35.34019326605 0.3548780911 29.40626860127 100.796618310450 -0.000000 -0.000000 0.000000 0.000000 0.000000 0.000000 0.000000 0.000000 0.000000 0.000000 -0.000000 0.000000 0.000000 0.000000 0.000000 0.000000 0.000000 0.000000 0.000000 0.000000 -0.000000 -0.000000 0.000000 0.000000 0.000000 0.000000 
63 580.600881693402 0.6008816934 17.44882698360 30.48703951710 3.6316744833 0.3487419853 0.0931119155 0.5654015665 3.1081102441 14.28542702028 2.6735675377 1.7726133747 0.7623800000 1.7104008064 1.1453301738 0.0735964644 1.8498786716 81.36297005450 0.4860428343 35.32757598241 0.3524526711 29.40215314791 100.884634288525 -0.000000 -0.000000 0.000000 0.000000 0.000000 0.000000 0.000000 0.000000 0.000000 0.000000 -0.000000 0.000000 0.000000 0.000000 0.000000 0.000000 0.000000 0.000000 0.000000 0.000000 -0.000000 -0.000000 0.000000 0.000000 0.000000 0.000000 
64 580.601159540603 0.6011595406 17.45578721640 30.50231223051 3.6330505668 0.3235571495 0.0861978304 0.5309155782 3.0989695439 14.27888871056 2.6933933174 1.7729887447 0.7689931670 1.7097320767 1.1435961549 0.0734484198 1.8474753547 81.38648734221 0.4853562002 35.31535051663 0.3503839565 29.39790205504 100.960359898109 -0.000000 -0.000000 0.000000 0.000000 0.000000 0.000000 0.000000 0.000000 0.000000 0.000000 -0.000000 0.000000 0.000000 0.000000 0.000000 0.000000 0.000000 0.000000 0.000000 0.000000 -0.000000 -0.000000 0.000000 0.000000 0.000000 0.000000 
65 580.601376261053 0.6013762611 17.46115186927 30.51329318280 3.6338174420 0.3018770438 0.0804366599 0.5011505281 3.0910661711 14.27277547041 2.7122652066 1.7733456371 0.7753720001 1.7090950088 1.1421049738 0.0734150424 1.8456102808 81.40837738890 0.4847582741 35.30354668592 0.3486173178 29.39357003611 101.025469597054 -0.000000 -0.000000 0.000000 0.000000 0.000000 0.000000 0.000000 0.000000 0.000000 0.000000 -0.000000 0.000000 0.000000 0.000000 0.000000 0.000000 0.000000 0.000000 0.000000 0.000000 -0.000000 -0.000000 0.000000 0.000000 0.000000 0.000000 
66 580.601541699250 0.6015416992 17.46518887452 30.52131120435 3.6343663286 0.2837046327 0.0752355169 0.4754071998 3.0842377281 14.26705135469 2.7302210975 1.7736846181 0.7815182807 1.7084878572 1.1412574053 0.0733385955 1.8438936064 81.42878898299 0.4842352179 35.29217694792 0.3471076656 29.38920157854 101.081414922611 -0.000000 -0.000000 0.000000 0.000000 0.000000 0.000000 0.000000 0.000000 0.000000 0.000000 -0.000000 0.000000 0.000000 0.000000 0.000000 0.000000 0.000000 0.000000 0.000000 0.000000 -0.000000 -0.000000 0.000000 0.000000 0.000000 0.000000 
67 580.601664845920 0.6016648459 17.46811416561 30.52614808855 3.6345935287 0.2680749563 0.0709265291 0.4532189639 3.0783329914 14.26168648174 2.7472981795 1.7740063674 0.7874344177 1.7079095764 1.1405520738 0.0732856072 1.8426230556 81.44786791880 0.4837675120 35.28125419414 0.3458146119 29.38483502656 101.129446559309 -0.000000 -0.000000 0.000000 0.000000 0.000000 0.000000 0.000000 0.000000 0.000000 0.000000 -0.000000 0.000000 0.000000 0.000000 0.000000 0.000000 0.000000 0.000000 0.000000 0.000000 -0.000000 -0.000000 0.000000 0.000000 0.000000 0.000000 
68 580.601751908410 0.6017519084 17.47009579180 30.52859359793 3.6345742273 0.2547506802 0.0672324011 0.4341220217 3.0732418421 14.25665037994 2.7635339852 1.7743116057 0.7931238525 1.7073581643 1.1400722281 0.0732502243 1.8415923632 81.46575156641 0.4833476093 35.27077963127 0.3447058674 29.38050051005 101.170653054889 -0.000000 -0.000000 0.000000 0.000000 0.000000 0.000000 0.000000 0.000000 0.000000 0.000000 -0.000000 0.000000 0.000000 0.000000 0.000000 0.000000 0.000000 0.000000 0.000000 0.000000 -0.000000 -0.000000 0.000000 0.000000 0.000000 0.000000 
69 580.601808803480 0.6018088035 17.47129010818 30.52905913597 3.6343545855 0.2433862484 0.0640693042 0.4177040762 3.0688581796 14.25191743378 2.7789653118 1.7746010691 0.7985906431 1.7068322922 1.1397694862 0.0732240621 1.8407628828 81.48254924978 0.4829672121 35.26075111146 0.3437533304 29.37622266519 101.205982191547 -0.000000 -0.000000 0.000000 0.000000 0.000000 0.000000 0.000000 0.000000 0.000000 0.000000 -0.000000 0.000000 0.000000 0.000000 0.000000 0.000000 0.000000 0.000000 0.000000 0.000000 -0.000000 -0.000000 0.000000 0.000000 0.000000 0.000000 
70 580.601840505723 0.6018405057 17.47183158352 30.52789825444 3.6339806087 0.2336997801 0.0613633298 0.4036023789 3.0650897284 14.24746510550 2.7936281383 1.7748754995 0.8038394480 1.7063308307 1.1396122900 0.0732040302 1.8400944788 81.49835272341 0.4826198210 35.25116243467 0.3429334672 29.37202075466 101.236244782826 -0.000000 -0.000000 0.000000 0.000000 0.000000 0.000000 0.000000 0.000000 0.000000 0.000000 -0.000000 0.000000 0.000000 0.000000 0.000000 0.000000 0.000000 0.000000 0.000000 0.000000 -0.000000 -0.000000 0.000000 0.000000 0.000000 0.000000 
71 580.601851414390 0.6018514144 17.47183709633 30.52542011950 3.6334836266 0.2254442052 0.0590511199 0.3914974469 3.0618534558 14.24327294476 2.8075576748 1.7751356316 0.8088753259 1.7058526972 1.1395719312 0.0731884924 1.8395558843 81.51324233484 0.4823001220 35.24200489003 0.3422259324 29.36791041289 101.262153772314 -0.000000 0.000000 0.000000 0.000000 0.000000 0.000000 0.000000 0.000000 0.000000 0.000000 -0.000000 0.000000 0.000000 0.000000 0.000000 0.000000 0.000000 0.000000 0.000000 0.000000 -0.000000 -0.000000 0.000000 0.000000 0.000000 0.000000 
72 580.601845264904 0.6018452649 17.47140487228 30.52188712724 3.6328885553 0.2184112602 0.0570764433 0.3811153564 3.0590771694 14.23932260733 2.8207880609 1.7753821849 0.8137037102 1.7053968532 1.1396253926 0.0731772744 1.8391207294 81.52728783537 0.4820040073 35.23326750937 0.3416136672 29.36390358454 101.284319770710 0.000000 0.000000 0.000000 0.000000 0.000000 0.000000 0.000000 0.000000 0.000000 0.000000 -0.000000 0.000000 0.000000 0.000000 0.000000 0.000000 0.000000 0.000000 0.000000 0.000000 -0.000000 -0.000000 0.000000 0.000000 0.000000 0.000000 
73 580.601825439590 0.6018254396 17.47062411245 30.51753456073 3.6322200918 0.2124114858 0.0553881832 0.3722043964 3.0566945999 14.23559685743 2.8333526947 1.7756158639 0.8183301928 1.7049623070 1.1397522119 0.0731692686 1.8387667508 81.54055382049 0.4817278585 35.22493845326 0.3410812264 29.36001040994 101.303301334734 0.000000 0.000000 0.000000 0.000000 0.000000 0.000000 0.000000 0.000000 0.000000 0.000000 -0.000000 0.000000 0.000000 0.000000 0.000000 0.000000 0.000000 0.000000 0.000000 0.000000 -0.000000 -0.000000 0.000000 0.000000 0.000000 0.000000 
74 580.601794669066 0.6017946691 17.46956627991 30.51255124841 3.6314966652 0.2072918576 0.0539438669 0.3645565813 3.0546503738 14.23208053336 2.8452836700 1.7758373479 0.8227606881 1.7045481245 1.1399367229 0.0731641495 1.8384772624 81.55309488132 0.4814690961 35.21700404838 0.3406162975 29.35623754195 101.319557320302 0.000000 0.000000 0.000000 0.000000 0.000000 0.000000 0.000000 0.000000 0.000000 0.000000 -0.000000 0.000000 0.000000 0.000000 0.000000 0.000000 0.000000 0.000000 0.000000 0.000000 -0.000000 -0.000000 0.000000 0.000000 0.000000 0.000000 
75 580.601755203030 0.6017552030 17.46829043850 30.50709086149 3.6307340860 0.2029245239 0.0527083584 0.3579951214 3.0528974614 14.22875998876 2.8566117924 1.7760472860 0.8270012860 1.7041534255 1.1401663983 0.0731612311 1.8382399582 81.56495890497 0.4812257372 35.20944976758 0.3402087470 29.35258925553 101.333474534922 0.000000 0.000000 0.000000 0.000000 0.000000 0.000000 0.000000 0.000000 0.000000 0.000000 -0.000000 0.000000 0.000000 0.000000 0.000000 0.000000 0.000000 0.000000 0.000000 0.000000 -0.000000 -0.000000 0.000000 0.000000 0.000000 0.000000 
76 580.601708924688 0.6017089247 17.46684597005 30.50128103819 3.6299451679 0.1992009525 0.0516519405 0.3523682789 3.0513954458 14.22562277798 2.8673665739 1.7762462940 0.8310581628 1.7037773676 1.1404309045 0.0731600542 1.8380450480 81.57618887559 0.4809961939 35.20226074824 0.3398500944 29.34906808120 101.345383382270 0.000000 0.000000 0.000000 0.000000 0.000000 0.000000 0.000000 0.000000 0.000000 0.000000 -0.000000 0.000000 0.000000 0.000000 0.000000 0.000000 0.000000 0.000000 0.000000 0.000000 -0.000000 -0.000000 0.000000 0.000000 0.000000 0.000000 
77 580.601657446640 0.6016574466 17.46527503016 30.49523009958 3.6291406546 0.1960269184 0.0507487393 0.3475434475 3.0501088996 14.22265738109 2.8775763665 1.7764349582 0.8349375227 1.7034191366 1.1407214972 0.0731602734 1.8378844486 81.58682418751 0.4807791419 35.19542206879 0.3395330675 29.34567531507 101.355571995128 0.000000 0.000000 0.000000 0.000000 0.000000 0.000000 0.000000 0.000000 0.000000 0.000000 -0.000000 0.000000 0.000000 0.000000 0.000000 0.000000 0.000000 0.000000 0.000000 0.000000 -0.000000 -0.000000 0.000000 0.000000 0.000000 0.000000 
78 580.601602151129 0.6016021511 17.46361367014 30.48902999025 3.6283296095 0.1933203284 0.0499761680 0.3434042075 3.0490066517 14.21985307557 2.8872684929 1.7766138390 0.8386455822 1.7030779442 1.1410307865 0.0731615974 1.8377515508 81.59690116008 0.4805734768 35.18891879368 0.3392514140 29.34241122063 101.364292644390 0.000000 0.000000 0.000000 0.000000 0.000000 0.000000 0.000000 0.000000 0.000000 0.000000 -0.000000 0.000000 0.000000 0.000000 0.000000 0.000000 0.000000 0.000000 0.000000 0.000000 -0.000000 -0.000000 0.000000 0.000000 0.000000 0.000000 
79 580.601544144318 0.6015441443 17.46189061648 30.48275314881 3.6275190927 0.1910135857 0.0493155410 0.3398538988 3.0480627368 14.21720012946 2.8964688494 1.7767834608 0.8421885368 1.7027530357 1.1413529490 0.0731638017 1.8376413363 81.60645246438 0.4803783284 35.18273615358 0.3390000858 29.33927488095 101.371754237669 0.000000 0.000000 0.000000 0.000000 0.000000 0.000000 0.000000 0.000000 0.000000 0.000000 -0.000000 0.000000 0.000000 0.000000 0.000000 0.000000 0.000000 0.000000 0.000000 0.000000 -0.000000 -0.000000 0.000000 0.000000 0.000000 0.000000 
80 580.601484350673 0.6014843507 17.46012981293 30.47645938784 3.6267148870 0.1890486080 0.0487507430 0.3368090889 3.0472547177 14.21468951647 2.9052021475 1.7769443193 0.8455725163 1.7024436833 1.1416831581 0.0731666914 1.8375496982 81.61550831586 0.4801929541 35.17685970130 0.3387748040 29.33626467709 101.378136842318 0.000000 0.000000 0.000000 0.000000 0.000000 0.000000 0.000000 0.000000 0.000000 0.000000 -0.000000 0.000000 0.000000 0.000000 0.000000 0.000000 0.000000 0.000000 0.000000 0.000000 -0.000000 -0.000000 0.000000 0.000000 0.000000 0.000000 
81 580.601423476448 0.6014234764 17.45834947320 30.47019341945 3.6259212315 0.1873788371 0.0482688304 0.3342024377 3.0465644705 14.21231312142 2.9134914412 1.7770968706 0.8488035173 1.7021491988 1.1420177743 0.0731701195 1.8374735695 81.62409581537 0.4800167537 35.17127555429 0.3385722049 29.33337820841 101.383585424305 0.000000 0.000000 0.000000 0.000000 0.000000 0.000000 0.000000 0.000000 0.000000 0.000000 -0.000000 0.000000 0.000000 0.000000 0.000000 0.000000 0.000000 0.000000 0.000000 0.000000 -0.000000 -0.000000 0.000000 0.000000 0.000000 0.000000 
82 580.601362275892 0.6013622759 17.45656906998 30.46400326995 3.6251427032 0.1859551885 0.0478561650 0.3319630697 3.0459729222 14.21006263041 2.9213601460 1.7772415797 0.8518875648 1.7018688850 1.1423528977 0.0731739292 1.8374096584 81.63224274086 0.4798490966 35.16596970668 0.3383887241 29.33061324638 101.388252654515 0.000000 0.000000 0.000000 0.000000 0.000000 0.000000 0.000000 0.000000 0.000000 0.000000 -0.000000 0.000000 0.000000 0.000000 0.000000 0.000000 0.000000 0.000000 0.000000 0.000000 -0.000000 -0.000000 0.000000 0.000000 0.000000 0.000000 
83 580.601301185282 0.6013011853 17.45479972834 30.45791501717 3.6243816469 0.1847455415 0.0475037881 0.3300439721 3.0454674003 14.20793115872 2.9288288994 1.7773788471 0.8548304061 1.7016021127 1.1426863371 0.0731780305 1.8373561190 81.63997209035 0.4796895441 35.16092924493 0.3382221199 29.32796651425 101.392239298038 0.000000 0.000000 0.000000 0.000000 0.000000 0.000000 0.000000 0.000000 0.000000 0.000000 -0.000000 0.000000 0.000000 0.000000 0.000000 0.000000 0.000000 0.000000 0.000000 0.000000 -0.000000 -0.000000 0.000000 0.000000 0.000000 0.000000 
84 580.601240707177 0.6012407072 17.45305431140 30.45195930591 3.6236408719 0.1837142282 0.0472017588 0.3283931272 3.0450338872 14.20591151568 2.9359189471 1.7775090876 0.8576378525 1.7013482372 1.1430155474 0.0731823191 1.8373108129 81.64730787309 0.4795376192 35.15614100560 0.3380698761 29.32543494660 101.395656998509 0.000000 0.000000 0.000000 0.000000 0.000000 0.000000 0.000000 0.000000 0.000000 0.000000 -0.000000 0.000000 0.000000 0.000000 0.000000 0.000000 0.000000 0.000000 0.000000 0.000000 -0.000000 -0.000000 0.000000 0.000000 0.000000 0.000000 
85 580.601181143725 0.6011811437 17.45134042278 30.44615308946 3.6229218122 0.1828365325 0.0469431868 0.3269742213 3.0446625857 14.20399757906 2.9426491528 1.7776326628 0.8603153866 1.7011066717 1.1433390353 0.0731867287 1.8372724019 81.65427062427 0.4793929443 35.15159298662 0.3379302927 29.32301498622 101.398583473783 0.000000 0.000000 0.000000 0.000000 0.000000 0.000000 0.000000 0.000000 0.000000 0.000000 -0.000000 0.000000 0.000000 0.000000 0.000000 0.000000 0.000000 0.000000 0.000000 0.000000 -0.000000 -0.000000 0.000000 0.000000 0.000000 0.000000 
86 580.601122746591 0.6011227466 17.44966434056 30.44050979561 3.6222255379 0.1820903559 0.0467218917 0.3257545248 3.0443446565 14.20218340370 2.9490381291 1.7777499280 0.8628684924 1.7008768356 1.1436555868 0.0731912052 1.8372398145 81.66088025432 0.4792551797 35.14727321551 0.3378018854 29.32070285854 101.401088571063 0.000000 0.000000 0.000000 0.000000 0.000000 0.000000 0.000000 0.000000 0.000000 0.000000 -0.000000 0.000000 0.000000 0.000000 0.000000 0.000000 0.000000 0.000000 0.000000 0.000000 -0.000000 -0.000000 0.000000 0.000000 0.000000 0.000000 
87 580.601065740022 0.6010657400 17.44803164285 30.43504123389 3.6215529743 0.1814555212 0.0465322317 0.3247043825 3.0440721023 14.20046345231 2.9551032187 1.7778612136 0.8653023718 1.7006581832 1.1439640941 0.0731956976 1.8372119603 81.66715547408 0.4791239763 35.14317056625 0.3376832616 29.31849496982 101.403235762389 0.000000 0.000000 0.000000 0.000000 0.000000 0.000000 0.000000 0.000000 0.000000 0.000000 -0.000000 0.000000 0.000000 0.000000 0.000000 0.000000 0.000000 0.000000 0.000000 0.000000 -0.000000 -0.000000 0.000000 0.000000 0.000000 0.000000 
88 580.601010226006 0.6010102260 17.44644469250 30.42975073873 3.6209041846 0.1809183246 0.0463703565 0.3238032206 3.0438393581 14.19883270728 2.9608607982 1.7779668269 0.8676221455 1.7004501909 1.1442641120 0.0732001800 1.8371883166 81.67311323332 0.4789990608 35.13927426061 0.3375735391 29.31638729756 101.405068740099 0.000000 0.000000 0.000000 0.000000 0.000000 0.000000 0.000000 0.000000 0.000000 0.000000 -0.000000 0.000000 0.000000 0.000000 0.000000 0.000000 0.000000 0.000000 0.000000 0.000000 -0.000000 -0.000000 0.000000 0.000000 0.000000 0.000000 
89 580.600956361030 0.6009563610 17.44490730906 30.42464568063 3.6202796607 0.1804626367 0.0462317527 0.3230272891 3.0436400253 14.19728619215 2.9663267121 1.7780670677 0.8698327167 1.7002523532 1.1445548738 0.0732046134 1.8371680257 81.67877046123 0.4788801153 35.13557404821 0.3374715986 29.31437626377 101.406638296189 0.000000 0.000000 0.000000 0.000000 0.000000 0.000000 0.000000 0.000000 0.000000 0.000000 -0.000000 0.000000 0.000000 0.000000 0.000000 0.000000 0.000000 0.000000 0.000000 0.000000 -0.000000 -0.000000 0.000000 0.000000 0.000000 0.000000 
90 580.600904185084 0.6009041851 17.44342025229 30.41972542137 3.6196790839 0.1800786003 0.0461136421 0.3223617554 3.0434700975 14.19581949292 2.9715156360 1.7781622094 0.8719388519 1.7000641927 1.1448362311 0.0732089826 1.8371507241 81.68414223574 0.4787668849 35.13206019562 0.3373767991 29.31245794695 101.407975904644 0.000000 0.000000 0.000000 0.000000 0.000000 0.000000 0.000000 0.000000 0.000000 0.000000 -0.000000 0.000000 0.000000 0.000000 0.000000 0.000000 0.000000 0.000000 0.000000 0.000000 -0.000000 -0.000000 0.000000 0.000000 0.000000 0.000000 
91 580.600853786922 0.6008537869 17.44198557993 30.41499288367 3.6191025114 0.1797541602 0.0460126500 0.3217887659 3.0433247660 14.19442820129 2.9764418982 1.7782525212 0.8739451409 1.6998852452 1.1451077672 0.0732132615 1.8371358123 81.68924364455 0.4786590903 35.12872333139 0.3372883024 29.31062879033 101.409119657906 0.000000 0.000000 0.000000 0.000000 0.000000 0.000000 0.000000 0.000000 0.000000 0.000000 -0.000000 0.000000 0.000000 0.000000 0.000000 0.000000 0.000000 0.000000 0.000000 0.000000 -0.000000 -0.000000 0.000000 0.000000 0.000000 0.000000 
92 580.600805179536 0.6008051795 17.44060336760 30.41044586375 3.6185494872 0.1794814681 0.0459265657 0.3212965448 3.0432008593 14.19310835486 2.9811187789 1.7783382493 0.8758560131 1.6997150732 1.1453694553 0.0732174390 1.8371229730 81.69408835277 0.4785564860 35.12555462959 0.3372055751 29.30888508929 101.410094562179 0.000000 0.000000 0.000000 0.000000 0.000000 0.000000 0.000000 0.000000 0.000000 0.000000 -0.000000 0.000000 0.000000 0.000000 0.000000 0.000000 0.000000 0.000000 0.000000 0.000000 -0.000000 -0.000000 0.000000 0.000000 0.000000 0.000000 
93 580.600758395160 0.6007583952 17.43927420655 30.40608361682 3.6180197129 0.1792519687 0.0458529873 0.3208723157 3.0430949356 14.19185607409 2.9855591554 1.7784196341 0.8776757394 1.6995532531 1.1456211699 0.0732215004 1.8371118242 81.69868972748 0.4784588279 35.12254557669 0.3371280191 29.30722335434 101.410927792617 0.000000 0.000000 0.000000 0.000000 0.000000 0.000000 0.000000 0.000000 0.000000 0.000000 -0.000000 0.000000 0.000000 0.000000 0.000000 0.000000 0.000000 0.000000 0.000000 0.000000 -0.000000 -0.000000 0.000000 0.000000 0.000000 0.000000 
94 580.600713426383 0.6007134264 17.43799765771 30.40190279303 3.6175126351 0.1790594525 0.0457901660 0.3205067463 3.0430044856 14.19066779719 2.9897750604 1.7784968982 0.8794084268 1.6993993842 1.1458629827 0.0732254384 1.8371021107 81.70306013671 0.4783658872 35.11968815328 0.3370551939 29.30564009699 101.411639149505 0.000000 0.000000 0.000000 0.000000 0.000000 0.000000 0.000000 0.000000 0.000000 0.000000 -0.000000 0.000000 0.000000 0.000000 0.000000 0.000000 0.000000 0.000000 0.000000 0.000000 -0.000000 -0.000000 0.000000 0.000000 0.000000 0.000000 
95 580.600670281619 0.6006702816 17.43677370582 30.39790122754 3.6170278276 0.1788971275 0.0457361867 0.3201896353 3.0429267610 14.18954002508 2.9937782276 1.7785702597 0.8810580438 1.6992530774 1.1460948893 0.0732292435 1.8370935519 81.70721168914 0.4782774436 35.11697456339 0.3369866188 29.30413200043 101.412250289455 0.000000 0.000000 0.000000 0.000000 0.000000 0.000000 0.000000 0.000000 0.000000 0.000000 -0.000000 0.000000 0.000000 0.000000 0.000000 0.000000 0.000000 0.000000 0.000000 0.000000 -0.000000 -0.000000 0.000000 0.000000 0.000000 0.000000 
96 580.600628919164 0.6006289192 17.43560103169 30.39407346000 3.6165645414 0.1787611416 0.0456899605 0.3199151229 3.0428601913 14.18846964909 2.9975793506 1.7786399154 0.8826283747 1.6991139704 1.1463171323 0.0732329149 1.8370860079 81.71115528963 0.4781932905 35.11439762518 0.3369220011 29.30269573840 101.412773583673 0.000000 0.000000 0.000000 0.000000 0.000000 0.000000 0.000000 0.000000 0.000000 0.000000 -0.000000 0.000000 0.000000 0.000000 0.000000 0.000000 0.000000 0.000000 0.000000 0.000000 -0.000000 -0.000000 0.000000 0.000000 0.000000 0.000000 
97 580.600589283371 0.6005892834 17.43447795990 30.39041318957 3.6161219510 0.1786486454 0.0456506779 0.3196788230 3.0428036041 14.18745376834 3.0011885003 1.7787060501 0.8841230466 1.6989817191 1.1465300244 0.0732364545 1.8370793906 81.71490116493 0.4781132328 35.11195054863 0.3368611121 29.30132807206 101.413218249612 0.000000 0.000000 0.000000 0.000000 0.000000 0.000000 0.000000 0.000000 0.000000 0.000000 -0.000000 0.000000 0.000000 0.000000 0.000000 0.000000 0.000000 0.000000 0.000000 0.000000 -0.000000 -0.000000 0.000000 0.000000 0.000000 0.000000 
98 580.600551392451 0.6005513925 17.43340476025 30.38691923519 3.6156997527 0.1785530537 0.0456164793 0.3194708819 3.0427543456 14.18648923464 3.0046161644 1.7787688593 0.8855456128 1.6988559758 1.1467335045 0.0732398518 1.8370734046 81.71846022686 0.4780370681 35.10962639213 0.3368034729 29.30002607915 101.413605239570 0.000000 0.000000 0.000000 0.000000 0.000000 0.000000 0.000000 0.000000 0.000000 0.000000 -0.000000 0.000000 0.000000 0.000000 0.000000 0.000000 0.000000 0.000000 0.000000 0.000000 -0.000000 -0.000000 0.000000 0.000000 0.000000 0.000000 
99 580.600515159425 0.6005151594 17.43237895474 30.38358338138 3.6152969447 0.1784737025 0.0455871662 0.3192901361 3.0427121151 14.18557357864 3.0078711320 1.7788285030 0.8868993853 1.6987364336 1.1469280405 0.0732431147 1.8370680678 81.72184130657 0.4779646224 35.10741917000 0.3367489923 29.29878668566 101.413936880103 0.000000 0.000000 0.000000 0.000000 0.000000 0.000000 0.000000 0.000000 0.000000 0.000000 -0.000000 0.000000 0.000000 0.000000 0.000000 0.000000 0.000000 0.000000 0.000000 0.000000 -0.000000 -0.000000 0.000000 0.000000 0.000000 0.000000 
100 580.600480506641 0.6004805066 17.43139831916 30.38039815190 3.6149126071 0.1784096729 0.0455624670 0.3191350572 3.0426765125 14.18470441746 3.0109618463 1.7788851352 0.8881875424 1.6986227979 1.1471140518 0.0732462500 1.8370633787 81.72505292351 0.4778957273 35.10532314414 0.3366975592 29.29760696539 101.414216290313 0.000000 0.000000 0.000000 0.000000 0.000000 0.000000 0.000000 0.000000 0.000000 0.000000 -0.000000 0.000000 0.000000 0.000000 0.000000 0.000000 0.000000 0.000000 0.000000 0.000000 -0.000000 -0.000000 0.000000 0.000000 0.000000 0.000000 
##CONCENTRATIONS
#t EGF R Ra R2 RP PLCg RPLCg RPLCgP PLCgP Grb RG SOS RGS GS Shc RSh RShP ShP RShG ShG RShGS ShGS PLCgl v1 v2 v3 v4 v5 v6 v7 v8 v9 v10 v11 v12 v13 v14 v15 v16 v17 v18 v19 v20 v21 v22 v23 v24 v25 compartment 


