#t RCT0 alpha BN1 BN2 BN3 BN4 BTX BM RCT1 RC beta cell k0 k1 k2 k3 k4 q epsilon 
##CONCENTRATIONS
0 88.10000000000 0.000000 11.90000000000 0.000000 0.000000 0.000000 0.000000 0.000000 0.000000 88.10000000000 11.90000000000 1.0000000000 0.5900000000 0.6720000000 0.6780000000 0.0392000000 0.5540000000 2.0000000000 0.000000 
1 88.09683589206 0.0029206114 10.17301269929 1.5951283883 0.1250580733 0.0065363613 0.0002371474 0.0000273304 0.0002434966 88.09707938864 11.90000000001 1.0000000000 0.5900000000 0.6720000000 0.6780000000 0.0392000000 0.5540000000 2.0000000000 0.000000 
2 88.00960166465 0.0771734901 8.6966544776 2.7272708109 0.4276360905 0.0447021944 0.0030139763 0.0007225266 0.0132247688 88.02282643344 11.90000007643 1.0000000000 0.5900000000 0.6720000000 0.6780000000 0.0392000000 0.5540000000 2.0000000000 0.000000 
3 87.48751218024 0.4845412521 7.4345642080 3.4972138789 0.8225447659 0.1289748510 0.0121645676 0.0045497676 0.1279345287 87.61544670891 11.90001203902 1.0000000000 0.5900000000 0.6720000000 0.6780000000 0.0392000000 0.5540000000 2.0000000000 0.000000 
4 85.80865734577 1.6829687834 6.3559695808 3.9862573729 1.2500862938 0.2613506321 0.0307556286 0.0159545134 0.6079998493 86.41665719504 11.90037402155 1.0000000000 0.5900000000 0.6720000000 0.6780000000 0.0392000000 0.5540000000 2.0000000000 0.000000 
5 81.96309519796 4.1920404694 5.4376592394 4.2599405397 1.6698076561 0.4363718638 0.0602581227 0.0406518976 1.9401750134 83.90327021134 11.90468931925 1.0000000000 0.5900000000 0.6720000000 0.6780000000 0.0392000000 0.5540000000 2.0000000000 0.000000 
6 74.95760088526 8.3580835331 4.6753730459 4.3721003795 2.0557084428 0.6446285174 0.1005718519 0.0847246909 4.7512086533 79.70880953853 11.93310692836 1.0000000000 0.5900000000 0.6720000000 0.6780000000 0.0392000000 0.5540000000 2.0000000000 0.000000 
7 64.33137961750 14.07042548554 4.1123924141 4.3712494629 2.3928850525 0.8751575374 0.1503849468 0.1538456110 9.5422798722 73.87365948966 12.05591502480 1.0000000000 0.5900000000 0.6720000000 0.6780000000 0.0392000000 0.5540000000 2.0000000000 0.000000 
8 50.68654507670 20.56542411864 3.8757096982 4.3109734953 2.6758569841 1.1171382586 0.2076182783 0.2527261548 16.30800793541 66.99455301212 12.44002286924 1.0000000000 0.5900000000 0.6720000000 0.6780000000 0.0392000000 0.5540000000 2.0000000000 0.000000 
9 35.83375305727 26.52142731938 4.1789463972 4.2623188015 2.9088691368 1.3612337160 0.2698595242 0.3848135690 24.27877847867 60.11253153594 13.36604114468 1.0000000000 0.5900000000 0.6720000000 0.6780000000 0.0392000000 0.5540000000 2.0000000000 0.000000 
10 22.21970698450 30.53203091895 5.2457057314 4.3193020820 3.1076055302 1.6009021959 0.3347683261 0.5522222670 32.08775596403 54.30746294853 15.16050613252 1.0000000000 0.5900000000 0.6720000000 0.6780000000 0.0392000000 0.5540000000 2.0000000000 0.000000 
11 11.82557539415 31.73031687107 7.1700826490 4.5868872907 3.3002051319 1.8337593150 0.4004721523 0.7558805324 38.39682066355 50.22239605770 18.04728707123 1.0000000000 0.5900000000 0.6720000000 0.6780000000 0.0392000000 0.5540000000 2.0000000000 0.000000 
12 5.2878004216 30.13696651591 9.8130489206 5.1516901977 3.5250152176 2.0626652069 0.4659448637 0.9958973956 42.56097126049 47.84877168206 22.01426180203 1.0000000000 0.5900000000 0.6720000000 0.6780000000 0.0392000000 0.5540000000 2.0000000000 0.000000 
13 1.9399681479 26.47678413038 12.82690460379 6.0507693572 3.8240053525 2.2960047475 0.5313074641 1.2721202659 44.78213593080 46.72210407868 26.80111179094 1.0000000000 0.5900000000 0.6720000000 0.6780000000 0.0392000000 0.5540000000 2.0000000000 0.000000 
14 0.5725225813 21.70381368167 15.78140679200 7.2574341642 4.2336930297 2.5467453651 0.5979569426 1.5848167228 45.72161072067 46.29413330192 32.00205301641 1.0000000000 0.5900000000 0.6720000000 0.6780000000 0.0392000000 0.5540000000 2.0000000000 0.000000 
15 0.1326435230 16.64860788113 18.28657699958 8.6884210458 4.7770250788 2.8303323025 0.6684438746 1.9353600669 46.03258922764 46.16523275069 37.18615936818 1.0000000000 0.5900000000 0.6720000000 0.6780000000 0.0392000000 0.5540000000 2.0000000000 0.000000 
16 0.0235189119 11.88873749683 20.05936788763 10.22346912622 5.4585159762 3.1619669503 0.7461063240 2.3267760629 46.11154126388 46.13506017578 41.97620232739 1.0000000000 0.5900000000 0.6720000000 0.6780000000 0.0392000000 0.5540000000 2.0000000000 0.000000 
17 0.0030873293 7.7936652091 20.93360365306 11.72743793883 6.2632130681 3.5538419486 0.8345207668 2.7640337503 46.12659633595 46.12968366522 46.07665112572 1.0000000000 0.5900000000 0.6720000000 0.6780000000 0.0392000000 0.5540000000 2.0000000000 0.000000 
18 0.0002884466 4.5836110140 20.85576644502 13.06907521239 7.1588043735 4.0128771511 0.9368825963 3.2540066185 46.12868814275 46.12897658931 49.28741239672 1.0000000000 0.5900000000 0.6720000000 0.6780000000 0.0392000000 0.5540000000 2.0000000000 0.000000 
19 0.0000184573 2.3415506047 19.89262747767 14.13719746511 8.0999242134 4.5392639001 1.0554286548 3.8050970875 46.12889213941 46.12891059674 51.52953879858 1.0000000000 0.5900000000 0.6720000000 0.6780000000 0.0392000000 0.5540000000 2.0000000000 0.000000 
20 0.000000769598 0.9965637732 18.24074605422 14.85612445466 9.0341188074 5.1259734783 1.1909925534 4.4265744999 46.12890560931 46.12890637891 52.87452984787 1.0000000000 0.5900000000 0.6720000000 0.6780000000 0.0392000000 0.5540000000 2.0000000000 0.000000 
21 0.0000000166677 0.3359760979 16.19834725532 15.19797410659 9.9090192055 5.7593004933 1.3427576399 5.1277189983 46.12890618647 46.12890620314 53.53511769900 1.0000000000 0.5900000000 0.6720000000 0.6780000000 0.0392000000 0.5540000000 2.0000000000 0.000000 
22 -0.000000 0.0847691696 14.07671300831 15.18450268436 10.67957580769 6.4203932468 1.5082468322 5.9168930517 46.12890619985 46.12890619935 53.78632463106 1.0000000000 0.5900000000 0.6720000000 0.6780000000 0.0392000000 0.5540000000 2.0000000000 0.000000 
23 0.000000 0.0150656757 12.09714459651 14.87378478694 11.31337899959 7.0874931796 1.6835515303 6.8006750318 46.12890619926 46.12890619950 53.85602812481 1.0000000000 0.5900000000 0.6720000000 0.6780000000 0.0392000000 0.5540000000 2.0000000000 0.000000 
24 0.000000 0.0017755107 10.35356171706 14.33798326920 11.79247254731 7.7383736557 1.8637520132 7.7831750874 46.12890619868 46.12890619954 53.86931828980 1.0000000000 0.5900000000 0.6720000000 0.6780000000 0.0392000000 0.5540000000 2.0000000000 0.000000 
25 -0.000000 0.0001327687 8.8524788763 13.64517610284 12.11183222509 8.3524236445 2.0434338733 8.8656163098 46.12890619942 46.12890619941 53.87096103187 1.0000000000 0.5900000000 0.6720000000 0.6780000000 0.0392000000 0.5540000000 2.0000000000 0.000000 
26 -0.000000 0.00000606144 7.5678764328 12.85155790975 12.27619441615 8.9120623570 2.2171932042 10.04620341927 46.12890619944 46.12890619941 53.87108773915 1.0000000000 0.5900000000 0.6720000000 0.6780000000 0.0392000000 0.5540000000 2.0000000000 0.000000 
27 -0.000000 0.000000164240 6.4695937344 12.00090790137 12.29682274085 9.4034695075 2.3800509999 11.32024875229 46.12890619945 46.12890619941 53.87109363634 1.0000000000 0.5900000000 0.6720000000 0.6780000000 0.0392000000 0.5540000000 2.0000000000 0.000000 
28 -0.000000 0.00000000280785 5.5306941881 11.12648920782 12.18889054982 9.8167835029 2.5277425890 12.68049376019 46.12890619942 46.12890619942 53.87109379777 1.0000000000 0.5900000000 0.6720000000 0.6780000000 0.0392000000 0.5540000000 2.0000000000 0.000000 
29 0.000000 0.00000000445562 4.7280523091 10.25311615659 11.96954422650 10.14594255083 2.6568826940 14.11755585906 46.12890619941 46.12890619942 53.87109379613 1.0000000000 0.5900000000 0.6720000000 0.6780000000 0.0392000000 0.5540000000 2.0000000000 0.000000 
30 0.000000 0.000000 4.0418938122 9.3989017484 11.65652468783 10.38831104000 2.7650258770 15.62043663457 46.12890619941 46.12890619941 53.87109379990 1.0000000000 0.5900000000 0.6720000000 0.6780000000 0.0392000000 0.5540000000 2.0000000000 0.000000 
31 -0.000000 -0.000000 3.4553140475 8.5766795099 11.26721851888 10.54419339595 2.8506479541 17.17704037481 46.12890619943 46.12890619940 53.87109380121 1.0000000000 0.5900000000 0.6720000000 0.6780000000 0.0392000000 0.5540000000 2.0000000000 0.000000 
32 -0.000000 -0.000000 2.9538616575 7.7951545340 10.81803168866 10.61630602228 2.9130735465 18.77466635194 46.12890619942 46.12890619941 53.87109380092 1.0000000000 0.5900000000 0.6720000000 0.6780000000 0.0392000000 0.5540000000 2.0000000000 0.000000 
33 0.000000 0.00000000298822 2.5251825418 7.0598314471 10.32400425396 10.60925379308 2.9523707887 20.40045097286 46.12890619941 46.12890619941 53.87109379760 1.0000000000 0.5900000000 0.6720000000 0.6780000000 0.0392000000 0.5540000000 2.0000000000 0.000000 
34 0.000000 0.000000 2.1587154749 6.3737600959 9.7986015572 10.52904036650 2.9692297963 22.04174650930 46.12890619941 46.12890619942 53.87109379999 1.0000000000 0.5900000000 0.6720000000 0.6780000000 0.0392000000 0.5540000000 2.0000000000 0.000000 
35 -0.000000 -0.000000 1.8454314938 5.7381328303 9.2536328671 10.38262861782 2.9648368312 23.68643116337 46.12890619943 46.12890619942 53.87109380358 1.0000000000 0.5900000000 0.6720000000 0.6780000000 0.0392000000 0.5540000000 2.0000000000 0.000000 
36 0.000000 0.000000 1.5776121546 5.1527582205 8.6992586370 10.17756184626 2.9407535428 25.32314939892 46.12890619941 46.12890619942 53.87109380005 1.0000000000 0.5900000000 0.6720000000 0.6780000000 0.0392000000 0.5540000000 2.0000000000 0.000000 
37 0.000000 -0.000000 1.3486603866 4.6164357203 8.1440573233 9.9216463542 2.8988062341 26.94148778235 46.12890619940 46.12890619941 53.87109380095 1.0000000000 0.5900000000 0.6720000000 0.6780000000 0.0392000000 0.5540000000 2.0000000000 0.000000 
38 0.000000 -0.000000 1.1529307677 4.1272643462 7.5951373120 9.6226807695 2.8409830910 28.53209751536 46.12890619927 46.12890619934 53.87109380169 1.0000000000 0.5900000000 0.6720000000 0.6780000000 0.0392000000 0.5540000000 2.0000000000 0.000000 
39 -0.000000 0.000000 0.9856049125 3.6828493147 7.0582541009 9.2882732107 2.7693587117 30.08675354993 46.12890619941 46.12890619931 53.87109380044 1.0000000000 0.5900000000 0.6720000000 0.6780000000 0.0392000000 0.5540000000 2.0000000000 0.000000 
40 0.000000 0.000000 0.8425629832 3.2804986741 6.5379569258 8.9256704549 2.6860184493 31.59838631304 46.12890619899 46.12890619919 53.87109380049 1.0000000000 0.5900000000 0.6720000000 0.6780000000 0.0392000000 0.5540000000 2.0000000000 0.000000 
41 0.00000000318876 0.000000 0.7202819327 2.9173617280 6.0377302036 8.5416440152 2.5930020903 33.06107383244 46.12890619446 46.12890619765 53.87109380229 1.0000000000 0.5900000000 0.6720000000 0.6780000000 0.0392000000 0.5540000000 2.0000000000 0.000000 
42 -0.000000 0.000000 0.6157504012 2.5905300031 5.5601314289 8.1424161745 2.4922613001 34.47000450173 46.12890619126 46.12890619035 53.87109380948 1.0000000000 0.5900000000 0.6720000000 0.6780000000 0.0392000000 0.5540000000 2.0000000000 0.000000 
43 -0.000000 0.000000 0.5263895683 2.2971173296 5.1069345958 7.7336149510 2.3856262526 35.82141111222 46.12890619041 46.12890619023 53.87109380957 1.0000000000 0.5900000000 0.6720000000 0.6780000000 0.0392000000 0.5540000000 2.0000000000 0.000000 
44 0.000000 0.000000 0.4499972472 2.0343078133 4.6792384850 7.3202599518 2.2747874239 37.11250288835 46.12890619033 46.12890619035 53.87109380955 1.0000000000 0.5900000000 0.6720000000 0.6780000000 0.0392000000 0.5540000000 2.0000000000 0.000000 
45 -0.000000 0.000000 0.3846905657 1.7993989281 4.2775825615 6.9067594181 2.1612803694 38.34138196728 46.12890618988 46.12890618962 53.87109380996 1.0000000000 0.5900000000 0.6720000000 0.6780000000 0.0392000000 0.5540000000 2.0000000000 0.000000 
46 -0.000000 -0.000000 0.3288609725 1.5898273276 3.9020436640 6.4969244362 2.0464789293 39.50695848231 46.12890618985 46.12890618983 53.87109381182 1.0000000000 0.5900000000 0.6720000000 0.6780000000 0.0392000000 0.5540000000 2.0000000000 0.000000 
47 0.000000 0.00000000164399 0.2811338757 1.4031858624 3.5523257680 6.0939950853 1.9315935783 40.60885963825 46.12890619039 46.12890619041 53.87109380795 1.0000000000 0.5900000000 0.6720000000 0.6780000000 0.0392000000 0.5540000000 2.0000000000 0.000000 
48 -0.000000 -0.000000 0.2403335643 1.2372329401 3.2278399985 5.7006754232 1.8176741897 41.64733769256 46.12890619309 46.12890619160 53.87109380851 1.0000000000 0.5900000000 0.6720000000 0.6780000000 0.0392000000 0.5540000000 2.0000000000 0.000000 
49 -0.000000 -0.000000 0.2054544770 1.0898948044 2.9277711759 5.3191743873 1.7056166454 42.62318231478 46.12890619864 46.12890619666 53.87109380485 1.0000000000 0.5900000000 0.6720000000 0.6780000000 0.0392000000 0.5540000000 2.0000000000 0.000000 
50 0.00000000340202 0.00000000547503 0.1756374056 0.9592637244 2.6511329843 4.9512483831 1.5961715163 43.53763978811 46.12890618932 46.12890619272 53.87109380180 1.0000000000 0.5900000000 0.6720000000 0.6780000000 0.0392000000 0.5540000000 2.0000000000 0.000000 
51 -0.000000 -0.000000 0.1501479752 0.8435937592 2.3968171999 4.5982457316 1.4899541977 44.39233494294 46.12890619770 46.12890619508 53.87109380648 1.0000000000 0.5900000000 0.6720000000 0.6780000000 0.0392000000 0.5540000000 2.0000000000 0.000000 
52 0.000000 0.00000000138830 0.1283576356 0.7412936580 2.1636363141 4.2611535191 1.3874567845 45.18919588682 46.12890620043 46.12890620048 53.87109379813 1.0000000000 0.5900000000 0.6720000000 0.6780000000 0.0392000000 0.5540000000 2.0000000000 0.000000 
53 -0.000000 0.00000000463772 0.1097296534 0.6509189812 1.9503539866 3.9406381334 1.2890591855 45.93039386095 46.12890619473 46.12890619437 53.87109380099 1.0000000000 0.5900000000 0.6720000000 0.6780000000 0.0392000000 0.5540000000 2.0000000000 0.000000 
54 -0.000000 -0.000000 0.0938050739 0.5711629567 1.7557142211 3.6370882018 1.1950413019 46.61828204597 46.12890620023 46.12890619904 53.87109380133 1.0000000000 0.5900000000 0.6720000000 0.6780000000 0.0392000000 0.5540000000 2.0000000000 0.000000 
55 0.000000 0.00000000891299 0.0801915451 0.5008469154 1.5784633329 3.3506536756 1.1055947185 47.25534360734 46.12890619556 46.12890619619 53.87109379490 1.0000000000 0.5900000000 0.6720000000 0.6780000000 0.0392000000 0.5540000000 2.0000000000 0.000000 
56 -0.000000 -0.000000 0.0685537042 0.4389106750 1.4173674124 3.0812820052 1.0208339039 47.84414610363 46.12890620017 46.12890619919 53.87109380444 1.0000000000 0.5900000000 0.6720000000 0.6780000000 0.0392000000 0.5540000000 2.0000000000 0.000000 
57 0.000000 -0.000000 0.0586047956 0.3844029484 1.2712260009 2.8287515678 0.9408068876 48.38730159293 46.12890620676 46.12890620744 53.87109379318 1.0000000000 0.5900000000 0.6720000000 0.6780000000 0.0392000000 0.5540000000 2.0000000000 0.000000 
58 -0.000000 -0.000000 0.0500997428 0.3364720618 1.1388823339 2.5927018601 0.8655051824 48.88743261726 46.12890621015 46.12890620839 53.87109379822 1.0000000000 0.5900000000 0.6720000000 0.6780000000 0.0392000000 0.5540000000 2.0000000000 0.000000 
59 0.000000 -0.000000 0.0428289825 0.2943570906 1.0192307789 2.3726605390 0.7948729015 49.34714350321 46.12890620623 46.12890620687 53.87109379566 1.0000000000 0.5900000000 0.6720000000 0.6780000000 0.0392000000 0.5540000000 2.0000000000 0.000000 
60 0.00000000135378 -0.000000 0.0366134015 0.2573794554 0.9112219562 2.1680674805 0.7288150663 49.76899643748 46.12890620390 46.12890620526 53.87109379745 1.0000000000 0.5900000000 0.6720000000 0.6780000000 0.0392000000 0.5540000000 2.0000000000 0.000000 
61 0.00000000232445 -0.000000 0.0312998620 0.2249350409 0.8138659376 1.9782959710 0.6672050961 50.15549189254 46.12890619900 46.12890620133 53.87109380012 1.0000000000 0.5900000000 0.6720000000 0.6780000000 0.0392000000 0.5540000000 2.0000000000 0.000000 
62 -0.000000 -0.000000 0.0267574490 0.1964868715 0.7262338695 1.8026711311 0.6098914689 50.50905301018 46.12890620201 46.12890620013 53.87109380018 1.0000000000 0.5900000000 0.6720000000 0.6780000000 0.0392000000 0.5540000000 2.0000000000 0.000000 
63 0.000000 -0.000000 0.0228742586 0.1715583621 0.6474583437 1.6404857776 0.5567035887 50.83201347087 46.12890620656 46.12890620665 53.87109380161 1.0000000000 0.5900000000 0.6720000000 0.6780000000 0.0392000000 0.5540000000 2.0000000000 0.000000 
64 -0.000000 0.00000000302449 0.0195546092 0.1497270882 0.5767327754 1.4910140248 0.5074569352 51.12660835926 46.12890620528 46.12890620489 53.87109379209 1.0000000000 0.5900000000 0.6720000000 0.6780000000 0.0392000000 0.5540000000 2.0000000000 0.000000 
65 -0.000000 0.00000000646759 0.0167167334 0.1306190973 0.5133100027 1.3535227349 0.4619575098 51.39496771336 46.12890620274 46.12890620205 53.87109379148 1.0000000000 0.5900000000 0.6720000000 0.6780000000 0.0392000000 0.5540000000 2.0000000000 0.000000 
66 0.00000000227214 0.00000000762094 0.0142907112 0.1139037563 0.4565003141 1.2272810203 0.4200056256 51.63911236883 46.12890619373 46.12890619601 53.87109379637 1.0000000000 0.5900000000 0.6720000000 0.6780000000 0.0392000000 0.5540000000 2.0000000000 0.000000 
67 -0.000000 0.0000000102476 0.0122167576 0.0992890384 0.4056690372 1.1115681038 0.3813991390 51.86095171447 46.12890620152 46.12890619936 53.87109379040 1.0000000000 0.5900000000 0.6720000000 0.6780000000 0.0392000000 0.5540000000 2.0000000000 0.000000 
68 0.000000 0.00000000446515 0.0104437949 0.0865172813 0.3602338303 1.0056796410 0.3459361410 52.06228310402 46.12890620304 46.12890620310 53.87109379244 1.0000000000 0.5900000000 0.6720000000 0.6780000000 0.0392000000 0.5540000000 2.0000000000 0.000000 
69 0.000000 0.00000000486752 0.0089281326 0.0753613714 0.3196617913 0.9089327044 0.3134171726 52.24479262054 46.12890620232 46.12890620235 53.87109379278 1.0000000000 0.5900000000 0.6720000000 0.6780000000 0.0392000000 0.5540000000 2.0000000000 0.000000 
70 -0.000000 0.00000000446191 0.0076324320 0.0656213000 0.2834664543 0.8206696326 0.2836470254 52.41005694866 46.12890620253 46.12890620253 53.87109379301 1.0000000000 0.5900000000 0.6720000000 0.6780000000 0.0392000000 0.5540000000 2.0000000000 0.000000 
71 -0.000000 0.00000000397815 0.0065249978 0.0571221421 0.2512068339 0.7402625636 0.2564365733 52.55954068259 46.12890620270 46.12890620268 53.87109379334 1.0000000000 0.5900000000 0.6720000000 0.6780000000 0.0392000000 0.5540000000 2.0000000000 0.000000 
72 0.000000 0.00000000367924 0.0055785082 0.0497090813 0.2224802341 0.6671124103 0.2316032136 52.69461034617 46.12890620276 46.12890620276 53.87109379356 1.0000000000 0.5900000000 0.6720000000 0.6780000000 0.0392000000 0.5540000000 2.0000000000 0.000000 
73 -0.000000 0.00000000354314 0.0047693534 0.0432449015 0.1969189576 0.6006493909 0.2089714503 52.81653973998 46.12890620277 46.12890620277 53.87109379368 1.0000000000 0.5900000000 0.6720000000 0.6780000000 0.0392000000 0.5540000000 2.0000000000 0.000000 
74 0.000000 0.00000000346742 0.0040777629 0.0376111437 0.1741941782 0.5403394874 0.1883749091 52.92649631245 46.12890620276 46.12890620276 53.87109379377 1.0000000000 0.5900000000 0.6720000000 0.6780000000 0.0392000000 0.5540000000 2.0000000000 0.000000 
75 -0.000000 0.00000000340288 0.0034864704 0.0327020068 0.1540045177 0.4856764267 0.1696546086 53.02556976372 46.12890620276 46.12890620276 53.87109379384 1.0000000000 0.5900000000 0.6720000000 0.6780000000 0.0392000000 0.5540000000 2.0000000000 0.000000 
76 -0.000000 0.00000000334357 0.0029807854 0.0284250588 0.1360786050 0.4361863599 0.1526604510 53.11476253380 46.12890620276 46.12890620276 53.87109379390 1.0000000000 0.5900000000 0.6720000000 0.6780000000 0.0392000000 0.5540000000 2.0000000000 0.000000 
77 -0.000000 0.00000000329067 0.0025482590 0.0246998626 0.1201730899 0.3914280129 0.1372515146 53.19499305488 46.12890620276 46.12890620276 53.87109379395 1.0000000000 0.5900000000 0.6720000000 0.6780000000 0.0392000000 0.5540000000 2.0000000000 0.000000 
78 0.000000 0.00000000324796 0.0021782979 0.0214562552 0.1060696687 0.3509914625 0.1232959378 53.26710217190 46.12890620277 46.12890620277 53.87109379399 1.0000000000 0.5900000000 0.6720000000 0.6780000000 0.0392000000 0.5540000000 2.0000000000 0.000000 
79 0.000000 0.00000000321834 0.0018619880 0.0186335270 0.0935736050 0.3144974301 0.1106708242 53.33185641977 46.12890620277 46.12890620277 53.87109379401 1.0000000000 0.5900000000 0.6720000000 0.6780000000 0.0392000000 0.5540000000 2.0000000000 0.000000 
80 -0.000000 0.00000000319675 0.0015916350 0.0161782731 0.0825097035 0.2815948381 0.0992617848 53.38995755954 46.12890620277 46.12890620277 53.87109379404 1.0000000000 0.5900000000 0.6720000000 0.6780000000 0.0392000000 0.5540000000 2.0000000000 0.000000 
81 0.000000 0.00000000317924 0.0013605646 0.0140433193 0.0727199081 0.2519584946 0.0889623369 53.44204917048 46.12890620277 46.12890620277 53.87109379405 1.0000000000 0.5900000000 0.6720000000 0.6780000000 0.0392000000 0.5540000000 2.0000000000 0.000000 
82 -0.000000 0.00000000316420 0.0011630576 0.0121873666 0.0640625193 0.2252884842 0.0796737654 53.48871860091 46.12890620277 46.12890620277 53.87109379407 1.0000000000 0.5900000000 0.6720000000 0.6780000000 0.0392000000 0.5540000000 2.0000000000 0.000000 
83 -0.000000 0.00000000315141 0.0009942171 0.0105742952 0.0564106817 0.2013088324 0.0713047912 53.53050097647 46.12890620277 46.12890620277 53.87109379408 1.0000000000 0.5900000000 0.6720000000 0.6780000000 0.0392000000 0.5540000000 2.0000000000 0.000000 
84 0.000000 0.00000000314107 0.0008498808 0.0091726934 0.0496513171 0.1797664496 0.0637712946 53.56788215870 46.12890620277 46.12890620277 53.87109379409 1.0000000000 0.5900000000 0.6720000000 0.6780000000 0.0392000000 0.5540000000 2.0000000000 0.000000 
85 -0.000000 0.00000000313310 0.0007264716 0.0079550370 0.0436832191 0.1604291636 0.0569957878 53.60130411501 46.12890620277 46.12890620277 53.87109379410 1.0000000000 0.5900000000 0.6720000000 0.6780000000 0.0392000000 0.5540000000 2.0000000000 0.000000 
86 -0.000000 0.00000000312680 0.0006209257 0.0068972851 0.0384160680 0.1430845632 0.0509070894 53.63116786281 46.12890620277 46.12890620277 53.87109379411 1.0000000000 0.5900000000 0.6720000000 0.6780000000 0.0392000000 0.5540000000 2.0000000000 0.000000 
87 0.000000 0.00000000312182 0.0005306816 0.0059787926 0.0337701402 0.1275394918 0.0454401643 53.65783452364 46.12890620277 46.12890620277 53.87109379411 1.0000000000 0.5900000000 0.6720000000 0.6780000000 0.0392000000 0.5540000000 2.0000000000 0.000000 
88 0.000000 0.00000000311776 0.0004535111 0.0051813578 0.0296740054 0.1136174190 0.0405353907 53.68163211002 46.12890620277 46.12890620277 53.87109379412 1.0000000000 0.5900000000 0.6720000000 0.6780000000 0.0392000000 0.5540000000 2.0000000000 0.000000 
89 0.000000 0.00000000311446 0.0003875888 0.0044895718 0.0260652280 0.1011589130 0.0361386571 53.70285383553 46.12890620277 46.12890620277 53.87109379412 1.0000000000 0.5900000000 0.6720000000 0.6780000000 0.0392000000 0.5540000000 2.0000000000 0.000000 
90 0.000000 0.00000000311194 0.0003312631 0.0038895058 0.0228871182 0.0900177642 0.0322002629 53.72176788003 46.12890620277 46.12890620277 53.87109379412 1.0000000000 0.5900000000 0.6720000000 0.6780000000 0.0392000000 0.5540000000 2.0000000000 0.000000 
91 0.000000 0.00000000311015 0.0002831836 0.0033693847 0.0200902081 0.0800622839 0.0286752395 53.73861349419 46.12890620277 46.12890620277 53.87109379412 1.0000000000 0.5900000000 0.6720000000 0.6780000000 0.0392000000 0.5540000000 2.0000000000 0.000000 
92 0.000000 0.00000000310885 0.0002421132 0.0029184858 0.0176294387 0.0711717514 0.0255223233 53.75360968161 46.12890620277 46.12890620277 53.87109379412 1.0000000000 0.5900000000 0.6720000000 0.6780000000 0.0392000000 0.5540000000 2.0000000000 0.000000 
93 -0.000000 0.00000000310799 0.0002070329 0.0025277025 0.0154654130 0.0632375129 0.0227042257 53.76695190716 46.12890620277 46.12890620277 53.87109379413 1.0000000000 0.5900000000 0.6720000000 0.6780000000 0.0392000000 0.5540000000 2.0000000000 0.000000 
94 -0.000000 0.00000000310735 0.0001770396 0.0021889163 0.0135626914 0.0561606073 0.0201869259 53.77881761372 46.12890620277 46.12890620277 53.87109379413 1.0000000000 0.5900000000 0.6720000000 0.6780000000 0.0392000000 0.5540000000 2.0000000000 0.000000 
95 0.000000 0.00000000310680 0.0001513847 0.0018952094 0.0118902611 0.0498520899 0.0179397373 53.78936511179 46.12890620277 46.12890620277 53.87109379413 1.0000000000 0.5900000000 0.6720000000 0.6780000000 0.0392000000 0.5540000000 2.0000000000 0.000000 
96 -0.000000 0.00000000310616 0.0001294344 0.0016405835 0.0104206580 0.0442315671 0.0159348497 53.79873670133 46.12890620277 46.12890620277 53.87109379413 1.0000000000 0.5900000000 0.6720000000 0.6780000000 0.0392000000 0.5540000000 2.0000000000 0.000000 
97 -0.000000 0.00000000310551 0.0001106510 0.0014198659 0.0091297364 0.0392268177 0.0141472107 53.80705951232 46.12890620277 46.12890620277 53.87109379413 1.0000000000 0.5900000000 0.6720000000 0.6780000000 0.0392000000 0.5540000000 2.0000000000 0.000000 
98 0.000000 0.00000000310503 0.0000945885 0.0012286269 0.0079962738 0.0347728670 0.0125542161 53.81444722168 46.12890620277 46.12890620277 53.87109379413 1.0000000000 0.5900000000 0.6720000000 0.6780000000 0.0392000000 0.5540000000 2.0000000000 0.000000 
99 0.000000 0.00000000310463 0.0000808578 0.0010629890 0.0070014950 0.0308113238 0.0111355121 53.82100161634 46.12890620277 46.12890620277 53.87109379413 1.0000000000 0.5900000000 0.6720000000 0.6780000000 0.0392000000 0.5540000000 2.0000000000 0.000000 
100 -0.000000 0.00000000310435 0.0000691239 0.0009195674 0.0061287664 0.0272896106 0.0098727349 53.82681399093 46.12890620277 46.12890620277 53.87109379413 1.0000000000 0.5900000000 0.6720000000 0.6780000000 0.0392000000 0.5540000000 2.0000000000 0.000000 
##CONCENTRATIONS
#t RCT0 alpha BN1 BN2 BN3 BN4 BTX BM RCT1 RC beta cell k0 k1 k2 k3 k4 q epsilon 


